%YAML:1.0

#--------------------------------------------------------------------------------------------
# Camera Parameters. Adjust them!
#--------------------------------------------------------------------------------------------
Camera.type: "PinHole"

# Camera calibration and distortion parameters (OpenCV) (equal for both cameras after stereo rectification)
Camera.fx: 1.13918469e+03
Camera.fy: 1.13918469e+03
Camera.cx: 6.53644829e+02
Camera.cy: 6.24492279e+02

Camera.k1: 0 #-0.16289394362063583
Camera.k2: 0 #0.08351833356682732
Camera.p1: 0 #0.012276483503048642
Camera.p2: 0 #0.0006858966792660155

Camera.width: 1600
Camera.height: 1200

# Camera frames per second 
Camera.fps: 15 #20 as per stamps; Paper:15

# stereo baseline times fx
Camera.bf: 1.04733698e+02 #266.5 #105.69928840390084 111.41144927514999

# Color order of the images (0: BGR, 1: RGB. It is ignored if images are grayscale)
Camera.RGB: 1

# Close/Far threshold. Baseline times.
ThDepth: 45 # TUNE! 35

# Transformation from camera 0 to body-frame (imu)
Tbc: !!opencv-matrix
   rows: 4
   cols: 4
   dt: f
   data: [-0.04705956160847807, 0.9982264069697709, 0.03646146033059516, -0.04761907237504654,
         -0.5064101948449763, -0.055305248597595835, 0.8605173118738703, 0.2683750835041057,
         0.8610076144949541, 0.022031112222941296, 0.508114670006613, -0.4012766247978454,
         0.0, 0.0, 0.0, 1.0]

# IMU noise
IMU.NoiseGyro:  0.03 #8.7266e-05 #6.5e-03 # 1.6968e-04 
IMU.NoiseAcc: 8.0e-03 # 2.0000e-3
IMU.GyroWalk: 8.6e-4 #2.78e-3 #2.0e-4 #1.9393e-05 
IMU.AccWalk: 4.0e-3 #3.0e-04 # 3.0000e-3
IMU.Frequency: 100 #83.333 #(IMU readings missing, otherwise 166.667) Paper:100

#--------------------------------------------------------------------------------------------
# Stereo Rectification. Only if you need to pre-rectify the images.
# Camera.fx, .fy, etc must be the same as in LEFT.P
#--------------------------------------------------------------------------------------------
LEFT.height: 1200
LEFT.width: 1600
LEFT.D: !!opencv-matrix
   rows: 1
   cols: 5
   dt: d
   data: [-0.16289394362063583, 0.08351833356682732, 0.012276483503048642,0.0006858966792660155, 0.0]
LEFT.K: !!opencv-matrix
   rows: 3
   cols: 3
   dt: d
   data: [1138.83276975408, 0.0, 708.1729373830466, 0.0, 1139.59469807479, 617.1289738266081, 0.0, 0.0, 1.0]

LEFT.R:  !!opencv-matrix
   rows: 3
   cols: 3
   dt: d
   data: [0.99876085, -0.02473601,  0.04318445, 0.02417981,  0.99961842,  0.01335487, -0.04349831, -0.01229413,  0.99897785]
LEFT.Rf:  !!opencv-matrix
   rows: 3
   cols: 3
   dt: f
   data: [0.99876085, -0.02473601,  0.04318445, 0.02417981,  0.99961842,  0.01335487, -0.04349831, -0.01229413,  0.99897785]
LEFT.P:  !!opencv-matrix
   rows: 3
   cols: 4
   dt: d
   data: [1.13918469e+03, 0.0, 6.53644829e+02, 0.0, 0.0, 1.13918469e+03, 6.24492279e+02, 0.0, 0.0, 0.0, 1.0, 0.0]

#-----------------------------------

RIGHT.height: 1200
RIGHT.width: 1600
RIGHT.D: !!opencv-matrix
   rows: 1
   cols: 5
   dt: d
   data: [-0.16234963,0.08155626,0.00629881,-0.00303863,0.0]
RIGHT.K: !!opencv-matrix
   rows: 3
   cols: 3
   dt: d
   data: [1.1386334e+03, 0.0, 7.2018127e+02, 0.0, 1.1387747e+03, 6.0290656e+02, 0.0, 0.0, 1.0]

RIGHT.R:  !!opencv-matrix
   rows: 3
   cols: 3
   dt: d
   data: [0.99823822, -0.05857921,  0.00943022, 0.05869542,  0.99819696, -0.01255713, -0.00867763,  0.01308851,  0.99987669]
RIGHT.P:  !!opencv-matrix
   rows: 3
   cols: 4
   dt: d
   data: [1.13918469e+03, 0.0, 6.53644829e+02, -1.04733698e+02, 0.0, 1.13918469e+03, 6.24492279e+02, 0.0, 0.0, 0.0, 1.0, 0.0]

#--------------------------------------------------------------------------------------------
# ORB Parameters
#--------------------------------------------------------------------------------------------

# ORB Extractor: Number of features per image
ORBextractor.nFeatures: 1400

# ORB Extractor: Scale factor between levels in the scale pyramid 	
ORBextractor.scaleFactor: 1.2

# ORB Extractor: Number of levels in the scale pyramid	
ORBextractor.nLevels: 10

# ORB Extractor: Fast threshold
# Image is divided in a grid. At each cell FAST are extracted imposing a minimum response.
# Firstly we impose iniThFAST. If no corners are detected we impose a lower value minThFAST
# You can lower these values if your images have low contrast			
ORBextractor.iniThFAST: 10
ORBextractor.minThFAST: 4

#--------------------------------------------------------------------------------------------
# Viewer Parameters
#--------------------------------------------------------------------------------------------
Viewer.KeyFrameSize: 0.05
Viewer.KeyFrameLineWidth: 1
Viewer.GraphLineWidth: 0.9
Viewer.PointSize: 2
Viewer.CameraSize: 0.08
Viewer.CameraLineWidth: 3
Viewer.ViewpointX: 0
Viewer.ViewpointY: -0.7
Viewer.ViewpointZ: -1.8
Viewer.ViewpointF: 500

