1.000000000 0.000000000 0.000000000 0.000000000 0.000000000 1.000000000 0.000000000 0.000000000 0.000000000 0.000000000 1.000000000 0.000000000
1.000000000 0.000000000 0.000000000 0.000000000 0.000000000 1.000000000 0.000000000 0.000000000 0.000000000 0.000000000 1.000000000 0.000000000
1.000000000 0.000000000 0.000000000 0.000000000 0.000000000 1.000000000 0.000000000 0.000000000 0.000000000 0.000000000 1.000000000 0.000000000
1.000000000 0.000000000 0.000000000 0.000000000 0.000000000 1.000000000 0.000000000 0.000000000 0.000000000 0.000000000 1.000000000 0.000000000
1.000000000 0.000000000 0.000000000 0.000000000 0.000000000 1.000000000 0.000000000 0.000000000 0.000000000 0.000000000 1.000000000 0.000000000
1.000000000 0.000000000 0.000000000 0.000000000 0.000000000 1.000000000 0.000000000 0.000000000 0.000000000 0.000000000 1.000000000 0.000000000
1.000000000 0.000000000 0.000000000 0.000000000 0.000000000 1.000000000 0.000000000 0.000000000 0.000000000 0.000000000 1.000000000 0.000000000
1.000000000 0.000000000 0.000000000 0.000000000 0.000000000 1.000000000 0.000000000 0.000000000 0.000000000 0.000000000 1.000000000 0.000000000
1.000000000 0.000000000 0.000000000 0.000000000 0.000000000 1.000000000 0.000000000 0.000000000 0.000000000 0.000000000 1.000000000 0.000000000
1.000000000 0.000000000 0.000000000 0.000000000 0.000000000 1.000000000 0.000000000 0.000000000 0.000000000 0.000000000 1.000000000 0.000000000
1.000000000 0.000000000 0.000000000 0.000000000 0.000000000 1.000000000 0.000000000 0.000000000 0.000000000 0.000000000 1.000000000 0.000000000
1.000000000 0.000000000 0.000000000 0.000000000 0.000000000 1.000000000 0.000000000 0.000000000 0.000000000 0.000000000 1.000000000 0.000000000
1.000000000 0.000000000 0.000000000 0.000000000 0.000000000 1.000000000 0.000000000 0.000000000 0.000000000 0.000000000 1.000000000 0.000000000
1.000000000 0.000000000 0.000000000 0.000000000 0.000000000 1.000000000 0.000000000 0.000000000 0.000000000 0.000000000 1.000000000 0.000000000
1.000000000 0.000000000 0.000000000 0.000000000 0.000000000 1.000000000 0.000000000 0.000000000 0.000000000 0.000000000 1.000000000 0.000000000
1.000000000 0.000000000 0.000000000 0.000000000 0.000000000 1.000000000 0.000000000 0.000000000 0.000000000 0.000000000 1.000000000 0.000000000
1.000000000 0.000000000 0.000000000 0.000000000 0.000000000 1.000000000 0.000000000 0.000000000 0.000000000 0.000000000 1.000000000 0.000000000
1.000000000 0.000000000 0.000000000 0.000000000 0.000000000 1.000000000 0.000000000 0.000000000 0.000000000 0.000000000 1.000000000 0.000000000
1.000000000 0.000000000 0.000000000 0.000000000 0.000000000 1.000000000 0.000000000 0.000000000 0.000000000 0.000000000 1.000000000 0.000000000
1.000000000 0.000000000 0.000000000 0.000000000 0.000000000 1.000000000 0.000000000 0.000000000 0.000000000 0.000000000 1.000000000 0.000000000
1.000000000 0.000000000 0.000000000 0.000000000 0.000000000 1.000000000 0.000000000 0.000000000 0.000000000 0.000000000 1.000000000 0.000000000
1.000000000 0.000000000 0.000000000 0.000000000 0.000000000 1.000000000 0.000000000 0.000000000 0.000000000 0.000000000 1.000000000 0.000000000
1.000000000 0.000000000 0.000000000 0.000000000 0.000000000 1.000000000 0.000000000 0.000000000 0.000000000 0.000000000 1.000000000 0.000000000
1.000000000 0.000000000 0.000000000 0.000000000 0.000000000 1.000000000 0.000000000 0.000000000 0.000000000 0.000000000 1.000000000 0.000000000
1.000000000 0.000000000 0.000000000 0.000000000 0.000000000 1.000000000 0.000000000 0.000000000 0.000000000 0.000000000 1.000000000 0.000000000
1.000000000 0.000000000 0.000000000 0.000000000 0.000000000 1.000000000 0.000000000 0.000000000 0.000000000 0.000000000 1.000000000 0.000000000
1.000000000 0.000000000 0.000000000 0.000000000 0.000000000 1.000000000 0.000000000 0.000000000 0.000000000 0.000000000 1.000000000 0.000000000
1.000000000 0.000000000 0.000000000 0.000000000 0.000000000 1.000000000 0.000000000 0.000000000 0.000000000 0.000000000 1.000000000 0.000000000
1.000000000 0.000000000 0.000000000 0.000000000 0.000000000 1.000000000 0.000000000 0.000000000 0.000000000 0.000000000 1.000000000 0.000000000
1.000000000 0.000000000 0.000000000 0.000000000 0.000000000 1.000000000 0.000000000 0.000000000 0.000000000 0.000000000 1.000000000 0.000000000
1.000000000 0.000000000 0.000000000 0.000000000 0.000000000 1.000000000 0.000000000 0.000000000 0.000000000 0.000000000 1.000000000 0.000000000
0.999998391 -0.000261430 -0.001776743 0.000941719 0.000262766 0.999999702 0.000751778 -0.001193294 0.001776546 -0.000752244 0.999998152 0.004176758
1.000000000 0.000000000 0.000000000 0.000000000 0.000000000 1.000000000 0.000000000 0.000000000 0.000000000 0.000000000 1.000000000 0.000000000
0.999994278 -0.001773470 -0.002851256 0.002118013 0.001778428 0.999996901 0.001737305 -0.000569895 0.002848166 -0.001742366 0.999994338 0.004202952
0.999982536 -0.002046358 -0.005544864 0.003269181 0.002069381 0.999989271 0.004149586 -0.002365982 0.005536313 -0.004160987 0.999976039 0.009973174
0.999955714 -0.001851895 -0.009219924 0.004991148 0.001905736 0.999981105 0.005834216 -0.003791122 0.009208946 -0.005851530 0.999940515 0.015416393
0.999918699 -0.001570775 -0.012655593 0.006450049 0.001670474 0.999967635 0.007871136 -0.006326138 0.012642819 -0.007891638 0.999888957 0.020530418
0.999866009 -0.000016202 -0.016373836 0.008133252 0.000146035 0.999968529 0.007928095 -0.007729378 0.016373191 -0.007929424 0.999834478 0.025755752
0.999818385 0.003064166 -0.018805111 0.008303459 -0.002927002 0.999968946 0.007317206 -0.009203281 0.018826947 -0.007260835 0.999796450 0.031392109
0.999760747 0.006932145 -0.020745326 0.008342097 -0.006789762 0.999952972 0.006926037 -0.011157013 0.020792365 -0.006783525 0.999760747 0.037060756
0.999713480 0.009245506 -0.022077139 0.008266137 -0.009108379 0.999938667 0.006303839 -0.012882105 0.022134069 -0.006100946 0.999736428 0.041762333
0.999639392 0.010904036 -0.024534717 0.008837424 -0.010740452 0.999919295 0.006789411 -0.015396270 0.024606768 -0.006523450 0.999675930 0.046323970
0.999576509 0.010538004 -0.027124275 0.009637908 -0.010332710 0.999917030 0.007697745 -0.017414734 0.027203143 -0.007414218 0.999602377 0.051531568
0.999475360 0.010533400 -0.030627577 0.010907844 -0.010292356 0.999914944 0.008017218 -0.018513588 0.030709419 -0.007697781 0.999498665 0.056429677
0.999361038 0.008541311 -0.034704275 0.013501391 -0.008205184 0.999918163 0.009816330 -0.019455926 0.034785282 -0.009525303 0.999349415 0.060828920
0.999198139 0.003846002 -0.039855044 0.018831262 -0.003464591 0.999947667 0.009634609 -0.019857457 0.039890014 -0.009488802 0.999159038 0.063001633
0.999168754 0.002372136 -0.040694747 0.021343442 -0.001871042 0.999922037 0.012347159 -0.021659862 0.040720861 -0.012260756 0.999095321 0.067247406
0.999236226 0.000206461 -0.039077464 0.022813603 0.000363383 0.999893785 0.014574745 -0.021380031 0.039076321 -0.014577813 0.999129832 0.070409335
0.999229670 -0.004993152 -0.038924295 0.027008492 0.005717305 0.999812186 0.018515063 -0.022776762 0.038824543 -0.018723341 0.999070525 0.073967367
0.999289572 -0.009128405 -0.036563277 0.029097041 0.009993969 0.999672472 0.023560617 -0.024368783 0.036336228 -0.023909293 0.999053538 0.076930575
0.999335647 -0.013286605 -0.033936761 0.031594187 0.014275377 0.999475658 0.029061578 -0.025705475 0.033532832 -0.029526729 0.999001324 0.080465227
0.999303162 -0.019103790 -0.032064289 0.034244150 0.020180203 0.999232054 0.033589527 -0.025985783 0.031397976 -0.034213189 0.998921156 0.083296828
0.999195457 -0.027112665 -0.029552903 0.037486184 0.028231304 0.998874366 0.038116232 -0.027278518 0.028486207 -0.038919881 0.998836339 0.085483953
0.999192476 -0.031562600 -0.024864934 0.037946131 0.032556757 0.998642981 0.040647250 -0.026966009 0.023548264 -0.041423939 0.998864114 0.087693036
0.998951435 -0.038037438 -0.025478501 0.042254984 0.039060935 0.998397052 0.040956490 -0.026611425 0.023879785 -0.041908756 0.998835981 0.089926831
0.998564303 -0.044234894 -0.030207157 0.049899898 0.045389485 0.998220623 0.038670506 -0.024396030 0.028442821 -0.039986070 0.998795331 0.094326943
0.998423159 -0.048623651 -0.028051710 0.051134057 0.049629342 0.998106182 0.036343873 -0.024812018 0.026231416 -0.037678752 0.998945594 0.096793979
0.998213112 -0.053152516 -0.027300451 0.053140875 0.054085609 0.997934520 0.034660172 -0.027131507 0.025401786 -0.036074806 0.999026179 0.098469660
0.997983694 -0.057775550 -0.026277296 0.055313580 0.058560420 0.997828543 0.030149840 -0.028718309 0.024478313 -0.031627860 0.999199927 0.100796074
0.998099983 -0.059174962 -0.017167736 0.049922600 0.059660740 0.997788072 0.029317278 -0.034829456 0.015394914 -0.030285819 0.999422729 0.100909568
0.997872412 -0.063238300 -0.015857114 0.050593156 0.063614830 0.997673988 0.024485970 -0.036411859 0.014271781 -0.025442624 0.999574423 0.103444137
0.997591913 -0.067550197 -0.015728733 0.051307414 0.067879640 0.997462869 0.021448638 -0.038964517 0.014239966 -0.022464648 0.999646306 0.105061889
0.997372806 -0.070421614 -0.016979191 0.052087463 0.070723757 0.997335255 0.017904326 -0.040365182 0.015673093 -0.019058120 0.999695539 0.107090823
0.997019351 -0.074754462 -0.019081922 0.052981239 0.075053684 0.997059345 0.015479185 -0.042587839 0.017868666 -0.016865216 0.999698102 0.109784722
0.996817172 -0.076444343 -0.022626536 0.053313620 0.076755255 0.996962428 0.013206485 -0.043499861 0.021548247 -0.014901156 0.999656796 0.111848325
0.996538937 -0.078509666 -0.027321987 0.053914644 0.078864083 0.996811450 0.012144616 -0.044456348 0.026281396 -0.014257304 0.999552965 0.114252105
0.996323347 -0.079518177 -0.031885002 0.053557012 0.079980910 0.996704876 0.013508194 -0.046334762 0.030705787 -0.016008720 0.999400258 0.116786107
0.996162295 -0.078835025 -0.038022429 0.052787315 0.079477720 0.996712983 0.015697012 -0.047113746 0.036659978 -0.018658707 0.999153614 0.119112812
0.996025860 -0.077012129 -0.044741079 0.052331831 0.077981137 0.996747553 0.020330044 -0.048556328 0.043029897 -0.023738209 0.998791754 0.121264271
0.995375812 -0.076016672 -0.058722865 0.058341581 0.077301271 0.996808887 0.019919841 -0.043433074 0.057021223 -0.024367083 0.998075545 0.127906993
0.995259881 -0.072195858 -0.065158062 0.058165204 0.073917739 0.996965468 0.024411023 -0.042732175 0.063197970 -0.029111644 0.997576296 0.130351782
0.995255768 -0.067488067 -0.070080906 0.057864144 0.069715731 0.997120619 0.029840831 -0.042562522 0.067865200 -0.034585007 0.997094810 0.134217516
0.995327175 -0.062752493 -0.073389463 0.057271004 0.065515600 0.997206807 0.035866972 -0.042134322 0.070933737 -0.040507525 0.996658206 0.137430847
0.995437443 -0.057190213 -0.076377377 0.056973837 0.060538933 0.997270346 0.042271975 -0.041956145 0.073751353 -0.046702921 0.996182501 0.140866071
0.995425165 -0.052238747 -0.079999804 0.057420585 0.056133356 0.997305512 0.047232330 -0.039962266 0.077316888 -0.051506914 0.995675206 0.145161226
0.995621979 -0.045793626 -0.081485748 0.056069072 0.050328877 0.997244537 0.054501489 -0.040223479 0.078765392 -0.058363963 0.995183229 0.149076208
0.995629489 -0.040646989 -0.084082186 0.056101844 0.045676060 0.997225583 0.058778487 -0.038916510 0.081459746 -0.062362142 0.994723678 0.153090388
0.995406866 -0.035037298 -0.089094110 0.057183441 0.040774133 0.997154474 0.063407853 -0.037348926 0.086618952 -0.066749349 0.994002819 0.158277512
0.995258272 -0.029710865 -0.092619158 0.056835838 0.035990991 0.997111082 0.066890150 -0.034787897 0.090364233 -0.069906428 0.993452191 0.162395686
0.994890094 -0.024913065 -0.097843021 0.057345636 0.031954344 0.996959448 0.071070537 -0.032834444 0.095774934 -0.073833883 0.992660880 0.167112455
0.994602859 -0.019675331 -0.101872727 0.057007894 0.027311048 0.996876061 0.074109919 -0.030223284 0.100096352 -0.076492175 0.992033064 0.171618879
0.994077504 -0.016767966 -0.107371517 0.057590842 0.025155621 0.996694565 0.077246718 -0.027959952 0.105721354 -0.079490222 0.991213560 0.176205784
0.993500888 -0.016339639 -0.112645783 0.057603870 0.025536040 0.996412277 0.080687113 -0.025749926 0.110923253 -0.083039224 0.990353763 0.182185158
0.992851675 -0.017603744 -0.118049845 0.057844207 0.027410410 0.996257842 0.081970520 -0.023167180 0.116165079 -0.084620357 0.989618719 0.187627375
0.991961062 -0.020532228 -0.124866813 0.059460584 0.031048495 0.996076882 0.082866028 -0.020813696 0.122675538 -0.086076789 0.988706946 0.192764446
0.991338730 -0.022300074 -0.129422262 0.059967503 0.033595569 0.995749176 0.085760467 -0.020360535 0.126959637 -0.089365683 0.987873971 0.199068874
0.990870476 -0.024725083 -0.132530779 0.060179546 0.036301445 0.995663106 0.085656956 -0.019305369 0.129838124 -0.089686006 0.987470746 0.204690680
0.990288258 -0.029386571 -0.135887802 0.061421417 0.040893301 0.995737016 0.082677536 -0.017566970 0.132878900 -0.087431498 0.987268388 0.210460454
0.989936948 -0.029529158 -0.138393372 0.061474402 0.040938932 0.995926797 0.080336928 -0.017282266 0.135457367 -0.085194170 0.987113595 0.216061428
0.989371777 -0.030516356 -0.142169878 0.062386192 0.041477904 0.996336520 0.074787349 -0.015999351 0.139366806 -0.079889387 0.987012982 0.221077859
0.988239586 -0.033200447 -0.149265811 0.064960644 0.043745764 0.996730685 0.067928419 -0.012970362 0.146522552 -0.073659301 0.986461103 0.227683768
0.986165404 -0.040791813 -0.160667241 0.066616014 0.051714119 0.996583641 0.064395316 -0.012136838 0.157491505 -0.071813188 0.984905720 0.238250986
0.984926820 -0.048557613 -0.166016161 0.064373702 0.060349237 0.995944023 0.066733934 -0.014166282 0.162102386 -0.075747006 0.983862400 0.247700199
0.984320164 -0.052915633 -0.168267608 0.065008238 0.064906128 0.995668292 0.066572435 -0.014228560 0.164015993 -0.076450177 0.983490825 0.252648503
0.983987093 -0.056780539 -0.168953896 0.066020757 0.068969965 0.995354712 0.067170806 -0.015344243 0.164355054 -0.077747941 0.983332455 0.258060157
0.984235525 -0.058469784 -0.166918516 0.066124678 0.070092760 0.995446086 0.064607896 -0.014951443 0.162380785 -0.075289175 0.983851612 0.262730658
0.984361172 -0.056994975 -0.166688174 0.067582034 0.068190247 0.995729804 0.062225223 -0.015677473 0.162429869 -0.072618581 0.984044313 0.268028915
0.984744608 -0.056284525 -0.164651468 0.067685343 0.066725798 0.996050060 0.058582325 -0.015388510 0.160703823 -0.068675131 0.984610558 0.273261219
0.985050023 -0.054014668 -0.163581327 0.067080542 0.064177126 0.996281266 0.057487544 -0.016947486 0.159867823 -0.067126282 0.984853446 0.277779192
0.984963775 -0.051995724 -0.164750293 0.067181915 0.061855618 0.996552527 0.055290289 -0.017164432 0.161307424 -0.064649664 0.984784424 0.281506777
0.984666824 -0.050121240 -0.167090014 0.067756712 0.059720915 0.996810913 0.052928410 -0.016482038 0.163904294 -0.062095612 0.984519958 0.285226256
0.984500885 -0.048589636 -0.168514118 0.067438990 0.058538046 0.996792018 0.054576881 -0.017918255 0.165321738 -0.063595474 0.984187067 0.288854957
0.984410524 -0.048444774 -0.169083223 0.066931263 0.058653586 0.996711314 0.055911798 -0.018094640 0.165818527 -0.064957492 0.984014630 0.292133331
0.984172881 -0.049405735 -0.170185253 0.067272514 0.060150620 0.996469557 0.058567241 -0.018079974 0.166690901 -0.067877024 0.983670115 0.295380980
0.983999193 -0.050268337 -0.170934826 0.067020744 0.061602969 0.996194184 0.061662368 -0.018358739 0.167184621 -0.071205810 0.983350933 0.298045337
0.983937323 -0.050260220 -0.171292543 0.066361248 0.062138364 0.995968223 0.064700313 -0.018312825 0.167350054 -0.074304879 0.983093441 0.300975263
0.983723938 -0.050858699 -0.172338322 0.066191725 0.063172162 0.995769143 0.066731825 -0.017881496 0.168215290 -0.076532684 0.982774854 0.303830326
0.983587503 -0.051167574 -0.173024893 0.065493330 0.064161301 0.995456398 0.070354991 -0.019033914 0.168638825 -0.080301799 0.982401431 0.306221277
0.983450472 -0.051015209 -0.173846141 0.064642437 0.064450696 0.995281398 0.072533026 -0.019650077 0.169325531 -0.082537152 0.982097983 0.309154510
0.983310640 -0.050186355 -0.174875870 0.063732028 0.063940600 0.995212018 0.073923334 -0.020978210 0.170328617 -0.083871253 0.981811464 0.311190307
0.982912600 -0.048686828 -0.177517489 0.063124508 0.062574454 0.995330989 0.073489666 -0.021714946 0.173110649 -0.083341971 0.981369853 0.313386053
0.982348084 -0.047674261 -0.180885509 0.061995510 0.061997753 0.995301366 0.074373677 -0.023372652 0.176489875 -0.084275328 0.980688035 0.316288561
0.981511235 -0.046483807 -0.185674429 0.061475411 0.061356742 0.995280921 0.075173914 -0.024986694 0.181303814 -0.085176446 0.979731500 0.318127275
0.980563998 -0.043734621 -0.191262588 0.060911920 0.059372447 0.995276690 0.076807730 -0.027571131 0.186999977 -0.086670637 0.978529036 0.320310295
0.979408681 -0.039590791 -0.197967708 0.060270444 0.055628300 0.995546043 0.076115407 -0.029165221 0.194072485 -0.085560694 0.977248847 0.322695076
0.978403151 -0.034446537 -0.203815103 0.059072122 0.050895657 0.995806336 0.076021835 -0.031860858 0.200341672 -0.084753297 0.976053298 0.324913859
0.976935983 -0.029777130 -0.211446151 0.058716677 0.046534870 0.996117890 0.074723788 -0.034228399 0.208400235 -0.082839973 0.974529088 0.326582819
0.975699663 -0.023739249 -0.217822805 0.057207838 0.040689718 0.996452451 0.073664896 -0.036880746 0.215301394 -0.080737934 0.973204255 0.328617692
0.971484005 -0.011833734 -0.236809447 0.055252515 0.029833062 0.996917069 0.072569303 -0.043324761 0.235220596 -0.077564672 0.968842089 0.331654519
0.968841672 -0.007099309 -0.247579038 0.054195166 0.025624210 0.997098267 0.071682505 -0.045875244 0.246351779 -0.075793020 0.966212332 0.333281338
0.965728700 -0.004659232 -0.259511650 0.053600848 0.024488613 0.997014344 0.073230013 -0.049355764 0.258395612 -0.077075385 0.962959528 0.335105091
0.963074982 -0.003084695 -0.269215733 0.052314743 0.024115188 0.996903479 0.074845515 -0.052486017 0.268151224 -0.078574039 0.960167170 0.336472929
0.957654178 -0.000717580 -0.287920058 0.050437815 0.024164705 0.996668935 0.077890493 -0.060440391 0.286905140 -0.081549659 0.954481542 0.340423524
0.955284238 0.000759642 -0.295687705 0.049829938 0.024089435 0.996472657 0.080386214 -0.065077946 0.294705808 -0.083914660 0.951896429 0.342623651
0.953740418 0.000193256 -0.300631553 0.048456132 0.026076373 0.996177554 0.083366536 -0.070328668 0.299498558 -0.087349378 0.950089753 0.345990479
0.951954246 0.000418999 -0.306240678 0.048457108 0.026702544 0.996076763 0.084368125 -0.074972063 0.305074573 -0.088491961 0.948208213 0.348799616
0.950568736 0.001222805 -0.310512245 0.047680616 0.026512535 0.996020854 0.085084990 -0.079698049 0.309380680 -0.089111567 0.946753800 0.352613479
0.948983133 0.004517752 -0.315294355 0.047492303 0.024117090 0.995928764 0.086858742 -0.086232886 0.314402997 -0.090031490 0.945010602 0.355512738
0.947417080 0.006322821 -0.319938898 0.047055393 0.022968570 0.995882392 0.087696746 -0.091643810 0.319175988 -0.090433940 0.943370879 0.359297395
0.946298540 0.009459224 -0.323155671 0.045747988 0.020360908 0.995843709 0.088772722 -0.097766370 0.322652221 -0.090585232 0.942172945 0.363011211
0.944176435 0.012506548 -0.329203010 0.046053186 0.017443860 0.995979369 0.087867811 -0.102534235 0.328978360 -0.088705264 0.940162003 0.367914528
0.942653179 0.016498640 -0.333365858 0.045715734 0.013731071 0.996015131 0.088120997 -0.108878732 0.333491296 -0.087645009 0.938670278 0.372287869
0.941528380 0.019378252 -0.336375862 0.045958243 0.010359707 0.996207833 0.086387642 -0.114114873 0.336774349 -0.084821180 0.937757134 0.376691103
0.940640926 0.023804413 -0.338567466 0.046358965 0.005555018 0.996324062 0.085484244 -0.119941324 0.339357764 -0.082290754 0.937050939 0.382184416
0.940599918 0.027588923 -0.338393927 0.046686798 0.001236452 0.996408045 0.084672995 -0.125271797 0.339514405 -0.080061853 0.937187195 0.387405813
0.940813541 0.031967290 -0.337413698 0.046925753 -0.003770455 0.996467531 0.083894268 -0.129731119 0.338903666 -0.077656657 0.937610626 0.393908978
0.940760016 0.037767414 -0.336963028 0.047523983 -0.009249810 0.996266186 0.085838899 -0.135064423 0.338946730 -0.077636957 0.937596679 0.399870962
0.940471590 0.041412804 -0.337339699 0.048092797 -0.011164141 0.995777309 0.091119982 -0.140264809 0.339688718 -0.081929632 0.936962724 0.406045049
0.938945532 0.048753843 -0.340594113 0.049192041 -0.016850246 0.995237947 0.096009314 -0.144060999 0.343652904 -0.084408417 0.935295641 0.412068069
0.937266350 0.055500533 -0.344167560 0.050331175 -0.021708617 0.994621694 0.101274118 -0.147788256 0.347937316 -0.087449431 0.933430374 0.418727100
0.935950696 0.064733617 -0.346129775 0.051423997 -0.029667759 0.993958771 0.105668418 -0.151960850 0.350879014 -0.088631533 0.932216883 0.424329758
0.935390353 0.074274182 -0.345728397 0.053105950 -0.039092667 0.993419707 0.107652508 -0.156077057 0.351449251 -0.087181680 0.932138741 0.431256115
0.935301602 0.083667375 -0.343817621 0.054454297 -0.048999187 0.992906928 0.108327515 -0.160343915 0.350442350 -0.084472127 0.932767153 0.437944472
0.934927583 0.094421156 -0.342045337 0.056863844 -0.060870327 0.992334306 0.107552908 -0.164863482 0.349578589 -0.079733796 0.933508039 0.443835020
0.934768498 0.102858767 -0.340040982 0.058863506 -0.070200406 0.991775274 0.107021384 -0.169364989 0.348252386 -0.076169200 0.934301078 0.449695349
0.932494462 0.115946800 -0.342067242 0.063642576 -0.083318785 0.990583777 0.108635627 -0.179557204 0.351442218 -0.072801530 0.933374703 0.460715175
0.928175151 0.122237056 -0.351494789 0.069236025 -0.087902330 0.989801645 0.112097420 -0.187343150 0.361612618 -0.073148847 0.929454565 0.467237711
0.924741209 0.125920519 -0.359162450 0.071446404 -0.088030413 0.988858998 0.120035611 -0.193575650 0.370275855 -0.079384662 0.925523520 0.476145744
0.922309697 0.127222687 -0.364909887 0.074536920 -0.085231490 0.987971783 0.129025221 -0.198884055 0.376935542 -0.087899402 0.922059238 0.481713146
0.920173466 0.128907323 -0.369680464 0.078101754 -0.083395071 0.987106442 0.136624202 -0.203607589 0.382525831 -0.094888434 0.919059396 0.486863256
0.919453442 0.131828845 -0.370440960 0.080312788 -0.083885908 0.986197591 0.142749131 -0.208009794 0.384146452 -0.100176387 0.917821407 0.491746843
0.919077396 0.133162886 -0.370896608 0.083688080 -0.083165795 0.985522211 0.147747830 -0.212727144 0.385201275 -0.104945786 0.916845798 0.496823192
0.919891715 0.134574041 -0.368359894 0.085481361 -0.083265088 0.984885931 0.151876569 -0.218050957 0.383231044 -0.109038472 0.917193830 0.500596344
0.920588255 0.134320676 -0.366708666 0.088383153 -0.081816152 0.984487176 0.155213073 -0.222967669 0.381868303 -0.112884641 0.917296946 0.505091369
0.921794295 0.134123728 -0.363738775 0.090517014 -0.080380097 0.983980298 0.159128428 -0.228055969 0.379254580 -0.117446333 0.917808354 0.507885814
0.922958910 0.132151231 -0.361500949 0.093226522 -0.076581918 0.983482957 0.164001048 -0.232674599 0.377202988 -0.123681843 0.917834818 0.510842562
0.924136758 0.129567713 -0.359420866 0.095916584 -0.071427993 0.982745230 0.170615748 -0.237808466 0.375325382 -0.131999582 0.917445898 0.513853192
0.926156044 0.128234223 -0.354669988 0.096198782 -0.070007548 0.982530653 0.172431082 -0.240490064 0.370585680 -0.134868518 0.918954134 0.515038610
0.927298963 0.125548363 -0.352638990 0.097835109 -0.065650538 0.982020676 0.176989570 -0.245777428 0.368519545 -0.140971288 0.918869078 0.517168939
0.928651035 0.121845685 -0.350372732 0.098975256 -0.062392659 0.982364655 0.176257715 -0.249171034 0.365670055 -0.141821221 0.919876158 0.518911779
0.929405987 0.120928898 -0.348684192 0.100499570 -0.062312651 0.982647181 0.174704432 -0.254682779 0.363760412 -0.140643910 0.920813620 0.520419121
0.930425704 0.118536711 -0.346780866 0.101967961 -0.061829705 0.983455062 0.170273528 -0.259307265 0.361227065 -0.136985511 0.922361076 0.520987153
0.931525886 0.117097124 -0.344307691 0.102470964 -0.061802313 0.983945310 0.167427868 -0.265390337 0.358385205 -0.134684414 0.923807383 0.522402585
0.932314932 0.113783993 -0.343281269 0.103046685 -0.060826607 0.985029280 0.161299184 -0.269424677 0.356495440 -0.129501030 0.925278604 0.523800135
0.932245016 0.111771144 -0.344131410 0.102976337 -0.060260072 0.985770106 0.156926975 -0.273254961 0.356774300 -0.125557005 0.925714612 0.525213122
0.931697607 0.109419830 -0.346362293 0.102635756 -0.058442928 0.986283064 0.154369593 -0.278393298 0.358502388 -0.123583347 0.925312459 0.526169896
0.930639267 0.106715113 -0.350031674 0.102087244 -0.056146011 0.986848116 0.151586041 -0.282314628 0.361604571 -0.121419065 0.924391389 0.527818084
0.928783715 0.104513578 -0.355580747 0.102367818 -0.054047361 0.987353921 0.149033904 -0.286838353 0.366660058 -0.119202062 0.922687113 0.529341698
0.927236199 0.103110299 -0.360001743 0.101572841 -0.053117335 0.987839520 0.146121800 -0.290013790 0.370690644 -0.116367109 0.921437562 0.531587124
0.926221073 0.101486415 -0.363063395 0.100986227 -0.051266156 0.988043904 0.145399511 -0.295311391 0.373478591 -0.116059229 0.920349896 0.533785343
0.925384402 0.100675285 -0.365415186 0.100865379 -0.050674323 0.988286078 0.143953457 -0.299637556 0.375627369 -0.114695095 0.919646144 0.536842108
0.924919724 0.100600265 -0.366610467 0.100631893 -0.050686877 0.988374829 0.143338770 -0.304263592 0.376768500 -0.113994494 0.919266224 0.540079594
0.924676061 0.101728655 -0.366913766 0.099001274 -0.051812939 0.988302410 0.143435583 -0.308402389 0.377213299 -0.113620542 0.919130266 0.544459283
0.924523771 0.102913342 -0.366966844 0.096861050 -0.052290007 0.987999022 0.145339891 -0.313385487 0.377520353 -0.115181476 0.918809891 0.548931658
0.923311651 0.102754086 -0.370050222 0.096082211 -0.051584221 0.987992704 0.145634264 -0.316112280 0.380571425 -0.115377054 0.917525709 0.554220796
0.921151757 0.104231931 -0.374986798 0.094776988 -0.051755328 0.987720191 0.147411764 -0.320119143 0.385747045 -0.116381034 0.915234745 0.559511125
0.918374360 0.105710089 -0.381331772 0.093251809 -0.052231051 0.987608969 0.147988126 -0.323589385 0.392250508 -0.115991130 0.912516057 0.564938784
0.914750278 0.108321980 -0.389227778 0.091886029 -0.054159183 0.987569690 0.147557184 -0.326494455 0.400373191 -0.113897733 0.909246206 0.571156263
0.911430657 0.110480011 -0.396343738 0.090093985 -0.056162983 0.987665772 0.146157593 -0.329331607 0.407602638 -0.110952690 0.906393707 0.577943563
0.907484174 0.112848833 -0.404645056 0.089391083 -0.059833109 0.988143921 0.141391322 -0.330381632 0.415803432 -0.104099214 0.903477073 0.584748328
0.904886603 0.117785715 -0.409031838 0.085809320 -0.065119348 0.987946928 0.140430167 -0.333716273 0.420642346 -0.100437492 0.901649773 0.591936171
0.901188731 0.120001793 -0.416483492 0.084098861 -0.068167634 0.988191366 0.137227103 -0.335984379 0.428032786 -0.095276825 0.898727000 0.599172950
0.892989993 0.122838967 -0.432989001 0.078388616 -0.071246676 0.988485157 0.133495152 -0.340773880 0.444401592 -0.088360824 0.891459167 0.614287257
0.887786508 0.121457554 -0.443940431 0.075402036 -0.069813654 0.988928020 0.130948097 -0.341900527 0.454929829 -0.085260846 0.886436403 0.622636497
0.881702662 0.121180475 -0.455977768 0.072142810 -0.069064721 0.989192188 0.129340157 -0.343380421 0.466723144 -0.082547568 0.880542696 0.631090283
0.875086427 0.121631615 -0.468433052 0.068775311 -0.069061548 0.989381671 0.127884388 -0.344732702 0.479013801 -0.079559170 0.874194562 0.639972866
0.868313670 0.120901763 -0.481055260 0.065284118 -0.067140430 0.989561796 0.127513051 -0.347948849 0.491450489 -0.078423060 0.867367446 0.647709489
0.860112369 0.119671382 -0.495868385 0.063612804 -0.065143384 0.989901185 0.125904813 -0.349766374 0.505927920 -0.075989746 0.859222054 0.655060530
0.851641893 0.119868606 -0.510232925 0.059474766 -0.065073453 0.990146339 0.123998635 -0.350713372 0.520068765 -0.072399810 0.851050377 0.664489746
0.843253374 0.118995085 -0.524179280 0.056756049 -0.063898027 0.990464568 0.122053966 -0.353275418 0.533704817 -0.069428407 0.842816055 0.672113836
0.834682763 0.119068630 -0.537705660 0.053616256 -0.064490095 0.990763366 0.119284727 -0.354954898 0.546942174 -0.064888224 0.834651887 0.680604815
0.826792300 0.118385732 -0.549908519 0.050536126 -0.064035632 0.991055965 0.117078990 -0.357876182 0.558850586 -0.061586257 0.826978326 0.687882185
0.818495095 0.118527167 -0.562153876 0.048765808 -0.065601110 0.991368771 0.113509737 -0.358964473 0.570755720 -0.056029245 0.819206059 0.696436524
0.811200023 0.118883215 -0.572556794 0.046803027 -0.066863872 0.991552055 0.111148618 -0.362372041 0.580933452 -0.051880408 0.812295973 0.703991354
0.805327117 0.118748337 -0.580815971 0.044608653 -0.068723187 0.991827846 0.107492350 -0.364168167 0.588833928 -0.046650983 0.806906521 0.711773217
0.800828159 0.119736381 -0.586802721 0.042418003 -0.070877798 0.991873026 0.105661295 -0.366638184 0.594685256 -0.043025255 0.802806497 0.718986630
0.797302008 0.119404294 -0.591651976 0.041352391 -0.072370760 0.992077172 0.102690294 -0.367700398 0.599226117 -0.039056871 0.799626589 0.726957560
0.795249283 0.121465549 -0.593990445 0.040068150 -0.074482284 0.991877139 0.103110962 -0.369777322 0.601690114 -0.037757143 0.797836781 0.733766317
0.792895377 0.123711981 -0.596667528 0.040559053 -0.074990667 0.991541684 0.105931431 -0.373298496 0.604725778 -0.039248046 0.795466065 0.741965294
0.792089105 0.126689509 -0.597113609 0.040220737 -0.076387271 0.991107583 0.108953163 -0.374846697 0.605607033 -0.040688723 0.794722974 0.748788714
0.792556584 0.129189685 -0.595956385 0.039180815 -0.076008610 0.990608156 0.113658033 -0.376178950 0.605042756 -0.044782612 0.794932485 0.756249189
0.792033911 0.132080778 -0.596017480 0.040759116 -0.074870676 0.989960372 0.119886808 -0.378581077 0.605868399 -0.050330199 0.793971121 0.764008999
0.792390764 0.136504695 -0.594544649 0.040938795 -0.076433040 0.989177525 0.125242993 -0.380855709 0.605206430 -0.053798530 0.794248641 0.771881044
0.793178856 0.138749272 -0.592972159 0.042168826 -0.075073086 0.988550305 0.130890250 -0.383490801 0.604343772 -0.059303112 0.794513524 0.779539824
0.794833183 0.140648812 -0.590303481 0.042791992 -0.074268468 0.988002717 0.135405585 -0.385294139 0.602266073 -0.063783906 0.795743167 0.785995245
0.796759665 0.140466511 -0.587744117 0.043913603 -0.071024187 0.987635672 0.139755517 -0.388792396 0.600108027 -0.069607519 0.796884537 0.793778181
0.798157513 0.139187559 -0.586149514 0.045762390 -0.067624569 0.987495363 0.142407373 -0.391984254 0.598641276 -0.074025430 0.797589242 0.801102996
0.800411522 0.137143403 -0.583552003 0.046117395 -0.065322742 0.987635314 0.142511010 -0.394064456 0.595881164 -0.075948223 0.799473405 0.808441103
0.802268267 0.133994624 -0.581731141 0.046828210 -0.062741317 0.988012433 0.141049683 -0.397013992 0.593657494 -0.076661088 0.801057994 0.815744221
0.803153455 0.130047694 -0.581405163 0.047339201 -0.059981056 0.988577247 0.138265327 -0.399443567 0.592744946 -0.076175004 0.801779687 0.822129905
0.802443624 0.125141099 -0.583458722 0.048252910 -0.057419255 0.989418805 0.133242071 -0.402206212 0.593958974 -0.073417507 0.801138222 0.829076529
0.801414013 0.123578802 -0.585204124 0.047734112 -0.055298902 0.989540696 0.133233726 -0.405887187 0.595548153 -0.074414223 0.799865544 0.834939361
0.796206832 0.116003901 -0.593799412 0.047261328 -0.051748052 0.990907490 0.124195121 -0.411017716 0.602807403 -0.068157047 0.794970334 0.849404275
0.793840885 0.111967094 -0.597729087 0.046797276 -0.049171627 0.991503954 0.120424740 -0.413162768 0.606134355 -0.066206768 0.792601943 0.856201649
0.790719032 0.108871751 -0.602420390 0.046359420 -0.046686936 0.991917491 0.117983282 -0.415267587 0.610396266 -0.065166466 0.789410949 0.863706529
0.788396299 0.106368370 -0.605901897 0.045331389 -0.044529937 0.992221773 0.116246141 -0.417197406 0.613553822 -0.064667262 0.787000477 0.870503664
0.784384668 0.103479967 -0.611582041 0.044733435 -0.041645497 0.992546856 0.114526950 -0.418315768 0.618875086 -0.064363539 0.782848001 0.880016565
0.782019317 0.101903155 -0.614867032 0.043313652 -0.039899372 0.992704809 0.113776885 -0.419881821 0.621975660 -0.064442910 0.780380309 0.886888146
0.779059649 0.099555008 -0.618995011 0.042371035 -0.037358664 0.992929101 0.112676904 -0.421046197 0.625835657 -0.064657167 0.777270377 0.894398451
0.775746584 0.096803553 -0.623575449 0.041295767 -0.034679998 0.993210316 0.111042552 -0.421401143 0.630090892 -0.064515270 0.773836672 0.902868867
0.772814512 0.096766621 -0.627211213 0.039968342 -0.034355219 0.993236780 0.110906772 -0.422589332 0.633701384 -0.064162381 0.770912290 0.909747005
0.770417988 0.097480305 -0.630042493 0.037502468 -0.034294914 0.993147433 0.111723974 -0.422749847 0.636616051 -0.064466909 0.768481731 0.917651653
0.767153740 0.097956069 -0.633939862 0.036191106 -0.033223204 0.993012488 0.113235205 -0.422432214 0.640602410 -0.065807298 0.765047669 0.924544930
0.763285041 0.099386416 -0.638371527 0.033264786 -0.032570783 0.992759943 0.115616120 -0.421129823 0.645240426 -0.067455791 0.760995626 0.932284534
0.758897722 0.101594687 -0.643236220 0.031580985 -0.031719457 0.992350101 0.119311810 -0.420522362 0.650436997 -0.070142351 0.756314576 0.939093947
0.754287779 0.103854813 -0.648277819 0.029383063 -0.031649891 0.992013633 0.122096203 -0.419346333 0.655780733 -0.071577743 0.751550496 0.945878148
0.749706388 0.105479397 -0.653310359 0.026655287 -0.030993499 0.991729021 0.124551781 -0.417701036 0.661044419 -0.073128894 0.746774733 0.953366399
0.745765269 0.104896657 -0.657898843 0.024115235 -0.029446332 0.991751552 0.124747723 -0.415161192 0.665557802 -0.073659807 0.742702663 0.960190177
0.738941669 0.104596443 -0.665601075 0.024880528 -0.026831696 0.991661310 0.126047239 -0.415595561 0.673234940 -0.075282373 0.735586405 0.968484640
0.733676791 0.104279630 -0.671449423 0.023343354 -0.026339618 0.991775990 0.125247344 -0.414462268 0.678987920 -0.074205354 0.730389476 0.974661410
0.729065955 0.103861846 -0.676517308 0.021227330 -0.025188422 0.991821408 0.125123769 -0.414489657 0.683979869 -0.074183062 0.725719213 0.979614854
0.724223614 0.103427686 -0.681764543 0.018169254 -0.024211461 0.991891861 0.124756545 -0.413887918 0.689140022 -0.073845118 0.720855713 0.986272931
0.719497323 0.102519922 -0.686886609 0.015717477 -0.023424251 0.992064059 0.123532236 -0.413030624 0.694100022 -0.072791316 0.716188908 0.992212057
0.715598583 0.101933025 -0.691034317 0.012754828 -0.023009317 0.992197990 0.122529835 -0.412272781 0.698132455 -0.071781948 0.712360799 0.997095525
0.711878240 0.100780971 -0.695034266 0.010184795 -0.021583851 0.992322326 0.121781215 -0.411587447 0.701970994 -0.071691886 0.708587825 1.003607750
0.709499598 0.101201065 -0.697401404 0.007955968 -0.021773262 0.992310345 0.121844813 -0.412057728 0.704369426 -0.071264140 0.706247211 1.007960916
0.707513869 0.100889079 -0.699460983 0.004996479 -0.021970615 0.992418945 0.120921291 -0.410973489 0.706358016 -0.070185907 0.704366684 1.013487339
0.706116378 0.101574063 -0.700772643 0.001723081 -0.022877479 0.992413878 0.120794319 -0.410634160 0.707726061 -0.069262944 0.703083515 1.018803358
0.704959035 0.102039084 -0.701869488 -0.001169413 -0.022612594 0.992327094 0.121554211 -0.410912931 0.708887517 -0.069819637 0.701857269 1.024153113
0.704836845 0.102852613 -0.701873481 -0.003995150 -0.021720702 0.992098093 0.123569734 -0.411586940 0.709036887 -0.071851306 0.701501310 1.028757811
0.705671549 0.105762243 -0.700601161 -0.010890037 -0.020850319 0.991468191 0.128670141 -0.411805391 0.708232224 -0.076191075 0.701856136 1.038461685
0.706475854 0.106059320 -0.699745178 -0.014317960 -0.018995101 0.991193056 0.131055832 -0.411715567 0.707482219 -0.079296052 0.702268481 1.043022871
0.707370102 0.107117169 -0.698679924 -0.018008530 -0.017557673 0.990808427 0.134128407 -0.412805259 0.706625283 -0.082611226 0.702748835 1.046613336
0.707298338 0.106490351 -0.698848307 -0.020704269 -0.015584074 0.990697205 0.135189727 -0.412647843 0.706743300 -0.084728554 0.702378035 1.050084233
0.708276868 0.108831562 -0.697495222 -0.026015520 -0.015639899 0.990221441 0.138624594 -0.415645063 0.705761492 -0.087275833 0.703053117 1.052632570
0.708435178 0.108720519 -0.697351694 -0.029998899 -0.015277703 0.990194798 0.138855651 -0.416823328 0.705610514 -0.087716319 0.703149736 1.055819988
0.707840681 0.109211750 -0.697878480 -0.033706337 -0.015434262 0.990131021 0.139292106 -0.418119669 0.706203520 -0.087825380 0.702540755 1.059054852
0.706473053 0.109877408 -0.699158609 -0.037928939 -0.015300743 0.990015328 0.140126675 -0.419783205 0.707574487 -0.088298060 0.701100409 1.062635422
0.705672443 0.109362945 -0.700047255 -0.042723000 -0.013316367 0.989888787 0.141219243 -0.422085732 0.708413064 -0.090332441 0.699993551 1.065040827
0.704575717 0.108755819 -0.701245427 -0.047226250 -0.011450552 0.989800036 0.142002657 -0.424140900 0.709536493 -0.092021972 0.698634326 1.067400694
0.703592777 0.109046534 -0.702186644 -0.051464468 -0.010251534 0.989610255 0.143410102 -0.426630914 0.710529447 -0.093703806 0.697400510 1.070133209
0.703426301 0.109977707 -0.702208161 -0.056665868 -0.010665421 0.989478648 0.144285232 -0.428502560 0.710688174 -0.094004691 0.697198391 1.072124004
0.701923788 0.110883184 -0.703568041 -0.060598910 -0.011003173 0.989377856 0.144949704 -0.430474102 0.712167084 -0.094002165 0.695687890 1.075484276
0.702632129 0.113160893 -0.702497423 -0.066148967 -0.013471270 0.989211679 0.145872027 -0.432072163 0.711425722 -0.093030848 0.696576416 1.077146888
0.704088271 0.116325513 -0.700519860 -0.072270870 -0.016977932 0.988967061 0.147159487 -0.434109032 0.709909439 -0.091719888 0.698295116 1.079465747
0.705218136 0.118646465 -0.698992372 -0.076763809 -0.019894043 0.988821507 0.147770584 -0.435755521 0.708711267 -0.090304725 0.699695170 1.082758427
0.706909776 0.121765584 -0.696743608 -0.082190871 -0.023870915 0.988615990 0.148555100 -0.437738031 0.706900716 -0.088383153 0.701768994 1.086464286
0.708157837 0.124412164 -0.695006490 -0.087129682 -0.027692210 0.988489747 0.148732007 -0.439629436 0.705510795 -0.086079456 0.703452051 1.089448929
0.709590435 0.127123758 -0.693051934 -0.092789382 -0.031722389 0.988356769 0.148810968 -0.442155063 0.703900039 -0.083609566 0.705361128 1.092569113
0.709862649 0.129940271 -0.692250252 -0.098945439 -0.036639851 0.988317013 0.147942066 -0.444310009 0.703386366 -0.079654612 0.706330478 1.096369267
0.709444940 0.132140025 -0.692262173 -0.104786098 -0.041271854 0.988369286 0.146365121 -0.446302682 0.703551352 -0.075267047 0.706647277 1.100125313
0.708535790 0.134394288 -0.692759156 -0.110894620 -0.045514684 0.988356531 0.145188540 -0.448647559 0.704205573 -0.071340546 0.706402898 1.103369713
0.707165539 0.135234371 -0.693994641 -0.116409987 -0.047894280 0.988445818 0.143808991 -0.449405670 0.705424011 -0.068458393 0.705471814 1.107233405
0.706532955 0.136592671 -0.694372833 -0.123144507 -0.048669491 0.988251328 0.144880831 -0.451643735 0.706004560 -0.068568319 0.704880118 1.110775709
0.705578148 0.137620762 -0.695140183 -0.129420280 -0.049028188 0.988090515 0.145853385 -0.452850074 0.706934035 -0.068829492 0.703922391 1.114543915
0.704721749 0.137613520 -0.696009874 -0.135582507 -0.047941998 0.988003075 0.146803692 -0.453895539 0.707862139 -0.070087664 0.702864826 1.118371010
0.703641355 0.137296215 -0.697164714 -0.142159939 -0.046268545 0.987925589 0.147858873 -0.455551893 0.709047377 -0.071782820 0.701497853 1.122137308
0.702906191 0.135542855 -0.698248506 -0.149533123 -0.044315662 0.988113403 0.147199720 -0.456577808 0.709900677 -0.072524250 0.700557828 1.126037836
0.700456023 0.128621280 -0.702009737 -0.163780451 -0.039815772 0.989137232 0.141500682 -0.459570706 0.712583899 -0.071163967 0.697968423 1.133903623
0.694616914 0.117130779 -0.709779978 -0.180116266 -0.031866703 0.990696967 0.132302895 -0.464213490 0.718673587 -0.069281489 0.691887498 1.142215610
0.691039562 0.108168118 -0.714677513 -0.187581390 -0.025001174 0.991724610 0.125925586 -0.465958178 0.722384393 -0.069151789 0.688025296 1.145838976
