1.000000000 0.000000000 0.000000000 0.000000000 0.000000000 1.000000000 0.000000000 0.000000000 0.000000000 0.000000000 1.000000000 0.000000000
0.999986827 0.003749322 -0.003482401 0.002466530 -0.003753244 0.999992311 -0.001120487 0.002831052 0.003478173 0.001133543 0.999993324 0.003749602
0.999969184 0.005161542 -0.005934461 0.002474448 -0.005165152 0.999986410 -0.000593053 0.002048523 0.005931320 0.000623687 0.999982178 0.007247391
0.999933481 0.007952891 -0.008354509 0.002698808 -0.007958814 0.999968052 -0.000675929 0.001955992 0.008348865 0.000742376 0.999964833 0.010724073
0.999888659 0.010755977 -0.010350060 0.003699014 -0.010758398 0.999942124 -0.000178331 0.001657429 0.010347541 0.000289661 0.999946415 0.014495530
0.999821544 0.015098763 -0.011353999 0.004405395 -0.015105226 0.999885917 -0.000483746 0.003699387 0.011345399 0.000655164 0.999935448 0.017894933
0.999762416 0.018410191 -0.011671311 0.005589679 -0.018393654 0.999829710 0.001522614 0.002543799 0.011697356 -0.001307575 0.999930680 0.021766424
0.999691606 0.021772468 -0.011946217 0.007540841 -0.021736715 0.999758899 0.003114610 0.002916506 0.012011148 -0.002853978 0.999923825 0.025008464
0.999644101 0.023766430 -0.012118859 0.009035644 -0.023709837 0.999707401 0.004792371 0.002616150 0.012229212 -0.004503328 0.999915004 0.028986301
0.999602795 0.025718968 -0.011523603 0.010513219 -0.025647050 0.999651015 0.006346055 0.002848962 0.011682794 -0.006047988 0.999913394 0.032609291
0.999577582 0.027449008 -0.009547301 0.011070828 -0.027373252 0.999593496 0.007977227 0.002908715 0.009762386 -0.007712516 0.999922633 0.038012058
0.999563992 0.028456725 -0.007877473 0.012298383 -0.028380781 0.999551237 0.009590698 0.002074623 0.008146857 -0.009362947 0.999922991 0.040855564
0.999548912 0.029552387 -0.005350319 0.013944043 -0.029486349 0.999492705 0.012027398 0.001205036 0.005703044 -0.011864210 0.999913275 0.044973306
0.999540210 0.030159382 -0.003131274 0.016701058 -0.030110020 0.999437451 0.014766977 0.000254947 0.003574875 -0.014665907 0.999885917 0.049255915
0.999489665 0.031941082 -0.000592098 0.018312294 -0.031927332 0.999359131 0.016177632 0.000918190 0.001108450 -0.016150469 0.999868929 0.053419266
0.999459505 0.032817502 0.001916357 0.019541845 -0.032847255 0.999290705 0.018408025 0.000524199 -0.001310891 -0.018461023 0.999828637 0.057167854
0.999443531 0.033269718 0.002405469 0.022180650 -0.033312190 0.999233663 0.020550163 0.000156540 -0.001719928 -0.020618860 0.999786019 0.061648577
0.999447048 0.033249032 0.000307653 0.026608825 -0.033246376 0.999137044 0.024899099 -0.000076877 0.000520483 -0.024895560 0.999689877 0.070846453
0.999426663 0.033857107 0.000257593 0.026941411 -0.033852417 0.999091446 0.025895499 0.000200604 0.000619388 -0.025889374 0.999664605 0.075836964
0.999391317 0.034886766 0.000153167 0.028600143 -0.034878068 0.999023259 0.027132526 0.000336392 0.000793548 -0.027121350 0.999631822 0.081118807
0.999358952 0.035797901 0.000128633 0.030720398 -0.035787217 0.998959303 0.028277496 0.000004918 0.000883776 -0.028263973 0.999600112 0.086145312
0.999375820 0.035315931 0.000822122 0.031889610 -0.035324812 0.998940766 0.029489163 -0.001322294 0.000220186 -0.029499801 0.999564767 0.090270519
0.999329329 0.036546879 0.002295989 0.032226942 -0.036600020 0.998862922 0.030550761 -0.001705796 -0.001176843 -0.030614303 0.999530554 0.096957594
0.999269843 0.038121283 0.002520505 0.033098344 -0.038181014 0.998793185 0.030892510 -0.001128300 -0.001339801 -0.030966191 0.999519587 0.103249609
0.999267578 0.038169451 0.002719388 0.033854652 -0.038236473 0.998767436 0.031646065 -0.001535968 -0.001508123 -0.031726863 0.999495447 0.108519487
0.999237299 0.038959742 0.002654270 0.034950811 -0.039025176 0.998717189 0.032266941 -0.000672486 -0.001393753 -0.032345917 0.999475718 0.113796815
0.999293089 0.037411120 0.003712290 0.035132710 -0.037517659 0.998692095 0.034734398 -0.002249706 -0.002407982 -0.034849122 0.999389648 0.121716700
0.999330521 0.036252849 0.004941040 0.035328284 -0.036408987 0.998674035 0.036395602 -0.002662722 -0.003615044 -0.036551129 0.999325216 0.128371179
0.999390960 0.034637097 0.004230794 0.037413165 -0.034775522 0.998639703 0.038849503 -0.003656496 -0.002879405 -0.038972974 0.999236047 0.131910279
0.999396086 0.034229241 0.005983179 0.036533315 -0.034438945 0.998629391 0.039413590 -0.002027355 -0.004625881 -0.039595850 0.999205053 0.136981755
0.999446809 0.032634303 0.006407498 0.037220281 -0.032866687 0.998645902 0.040326927 -0.001514544 -0.005082780 -0.040515222 0.999166012 0.141701713
0.999565661 0.028924759 0.005647749 0.038842101 -0.029144505 0.998617411 0.043748215 -0.005095601 -0.004374533 -0.043893825 0.999026656 0.146890938
0.999633849 0.026457906 0.005659268 0.038992155 -0.026684394 0.998647749 0.044617008 -0.005613533 -0.004471142 -0.044751707 0.998988152 0.152460486
0.999660730 0.025726175 0.004089208 0.039507236 -0.025878893 0.998732328 0.043175682 -0.003755419 -0.002973279 -0.043266863 0.999059081 0.157454744
0.999702036 0.024146762 0.003538834 0.037518300 -0.024279488 0.998731136 0.044119909 -0.006216481 -0.002468990 -0.044192687 0.999020100 0.162418455
0.999715090 0.023772938 0.002127666 0.036960885 -0.023842627 0.998784363 0.043143459 -0.006538373 -0.001099433 -0.043181904 0.999066591 0.167357087
0.999737740 0.022882346 0.000899515 0.036093771 -0.022899965 0.998876750 0.041486405 -0.007103581 0.000050801 -0.041496135 0.999138653 0.172102883
0.999749124 0.022360938 -0.001281613 0.036735799 -0.022290999 0.998936117 0.040370584 -0.008455158 0.002182973 -0.040331885 0.999183953 0.176388383
0.999742925 0.022442611 -0.003255425 0.037017651 -0.022301853 0.999019623 0.038242329 -0.009661358 0.004110491 -0.038159896 0.999263167 0.180626273
0.999720037 0.023515604 -0.002623874 0.034204021 -0.023406271 0.999080360 0.035925452 -0.010522213 0.003466270 -0.035853971 0.999351025 0.184779108
0.999695837 0.024244932 -0.004515314 0.034176771 -0.024081925 0.999158442 0.033204690 -0.011175899 0.005316559 -0.033085853 0.999438405 0.189570084
0.999682665 0.024279900 -0.006710738 0.033408877 -0.024064263 0.999243915 0.030535325 -0.011876148 0.007447059 -0.030364143 0.999511123 0.194046557
0.999672830 0.024035888 -0.008738071 0.032842495 -0.023774398 0.999299824 0.028889071 -0.013663249 0.009426326 -0.028671879 0.999544442 0.198310897
0.999627054 0.024963431 -0.011072660 0.032301698 -0.024660947 0.999340355 0.026661361 -0.013901277 0.011730914 -0.026378360 0.999583185 0.202440515
0.999628007 0.025221827 -0.010376082 0.029921860 -0.024950461 0.999363422 0.025500339 -0.014941743 0.011012642 -0.025231965 0.999620974 0.206781879
0.999590218 0.026309332 -0.011276421 0.029103922 -0.026045371 0.999397337 0.022948232 -0.015468663 0.011873377 -0.022645133 0.999673069 0.214748591
0.999587357 0.026368963 -0.011388364 0.028915707 -0.026105065 0.999400795 0.022730576 -0.016385986 0.011980921 -0.022423904 0.999676764 0.218637034
0.999582589 0.026366770 -0.011806108 0.028706172 -0.026100194 0.999413073 0.022191035 -0.016811095 0.012384282 -0.021873629 0.999684036 0.222498924
0.999568045 0.026965842 -0.011685980 0.028284732 -0.026717165 0.999423623 0.020938002 -0.015820837 0.012243859 -0.020616740 0.999712408 0.227057368
0.999543130 0.027465234 -0.012615746 0.028608989 -0.027197609 0.999411225 0.020916821 -0.015280914 0.013182802 -0.020564148 0.999701619 0.230232835
0.999515235 0.027813928 -0.013989840 0.029385392 -0.027520766 0.999406397 0.020728404 -0.014197373 0.014558075 -0.020333348 0.999687254 0.234115526
0.999553263 0.026367052 -0.014068970 0.027906235 -0.026063038 0.999431789 0.021371452 -0.014498774 0.014624475 -0.020995224 0.999672592 0.238449946
0.999541700 0.025440082 -0.016398214 0.027851246 -0.025069481 0.999434233 0.022422712 -0.014378728 0.016959365 -0.022001345 0.999614000 0.241304532
0.999525428 0.024497416 -0.018667886 0.028204311 -0.024061240 0.999440253 0.023241688 -0.014169977 0.019226795 -0.022781489 0.999555528 0.245824829
0.999533415 0.022982825 -0.020115556 0.026162080 -0.022505192 0.999466836 0.023657395 -0.012708114 0.020648548 -0.023193656 0.999517679 0.248967558
0.999445915 0.022112917 -0.024874559 0.027589966 -0.021496572 0.999461889 0.024778388 -0.011278171 0.025409095 -0.024229944 0.999383450 0.252395689
0.999436200 0.020090014 -0.026901666 0.026216073 -0.019389285 0.999472260 0.026060028 -0.010191260 0.027411018 -0.025523728 0.999298334 0.256153136
0.999378800 0.019152053 -0.029582651 0.026125874 -0.018320397 0.999436319 0.028132522 -0.009000733 0.030104762 -0.027573081 0.999166369 0.259306669
0.999327660 0.018510493 -0.031649578 0.026201621 -0.017557677 0.999392033 0.030122608 -0.007474429 0.032187920 -0.029546659 0.999045014 0.262917340
0.999300539 0.017336633 -0.033134125 0.024914552 -0.016291682 0.999369383 0.031550951 -0.005531502 0.033660218 -0.030989073 0.998952746 0.266902596
0.999238908 0.014835147 -0.036076456 0.024641220 -0.013596063 0.999317229 0.034352165 -0.005380689 0.036561444 -0.033835527 0.998758435 0.269397259
0.999170125 0.012870575 -0.038646813 0.024114639 -0.011480570 0.999286771 0.035975993 -0.003781476 0.039082270 -0.035502445 0.998605132 0.272907645
0.999086261 0.012566628 -0.040851176 0.023472127 -0.011063750 0.999261081 0.036809389 -0.002045063 0.041283567 -0.036323782 0.998486936 0.276312530
0.998976886 0.011039476 -0.043855097 0.024132691 -0.009363827 0.999225020 0.038232110 -0.002068723 0.044243168 -0.037782349 0.998306036 0.279377848
0.998867273 0.011053291 -0.046280295 0.023462597 -0.009260211 0.999204755 0.038780645 -0.000860875 0.046672143 -0.038308144 0.998175502 0.282183558
0.998713791 0.011837256 -0.049299996 0.023376152 -0.009955087 0.999218583 0.038249988 0.000336319 0.049714249 -0.037710007 0.998051465 0.285507053
0.998617709 0.012330375 -0.051093843 0.021716852 -0.010424926 0.999246240 0.037393250 0.000271475 0.051516395 -0.036808912 0.997993588 0.287634343
0.998515368 0.014927404 -0.052384894 0.020526689 -0.013073744 0.999282360 0.035551403 0.001503825 0.052877985 -0.034813758 0.997994006 0.290677547
0.998450696 0.016957520 -0.052996017 0.019823518 -0.015195472 0.999323964 0.033476472 0.001804180 0.053527858 -0.032619294 0.998033464 0.292668700
0.998358905 0.020504313 -0.053468458 0.019257478 -0.018827522 0.999320745 0.031677686 0.002819395 0.054081656 -0.030619018 0.998066962 0.294827342
0.998257756 0.023315059 -0.054202411 0.018885054 -0.021737780 0.999328077 0.029509410 0.004342265 0.054853998 -0.028279752 0.998093843 0.296997756
0.998126566 0.025767235 -0.055492394 0.018361058 -0.024202328 0.999295235 0.028690243 0.004478240 0.056192558 -0.027293453 0.998046756 0.298830420
0.997875154 0.028344026 -0.058666792 0.017090168 -0.026753206 0.999257505 0.027726419 0.005746594 0.059409097 -0.026097981 0.997892439 0.299950123
0.997504592 0.030776458 -0.063541338 0.014899230 -0.029124210 0.999217391 0.026767433 0.008068543 0.064315408 -0.024850046 0.997620106 0.301606417
0.997084379 0.031173892 -0.069648355 0.013726277 -0.029313212 0.999189854 0.027579810 0.008398701 0.070451684 -0.025457785 0.997190297 0.302310854
0.996463239 0.032168265 -0.077627800 0.012903802 -0.030031852 0.999141634 0.028533839 0.010109837 0.078479029 -0.026101615 0.996574104 0.303654641
0.994993329 0.034107767 -0.093941249 0.010175174 -0.031130364 0.998971105 0.032979779 0.014235477 0.094969459 -0.029890234 0.995031357 0.305748105
0.994945407 0.034284420 -0.094382428 0.010469425 -0.031301368 0.998968124 0.032907534 0.014312947 0.095413260 -0.029786911 0.994991958 0.305579782
0.994251311 0.032854468 -0.101906419 0.009187719 -0.029221265 0.998890042 0.036942888 0.015587586 0.103007041 -0.033752676 0.994107723 0.307079583
0.993516326 0.032473765 -0.108952947 0.008446395 -0.028234174 0.998791397 0.040232070 0.018319234 0.110127755 -0.036895022 0.993232429 0.308650672
0.992931068 0.031236216 -0.114509009 0.006520640 -0.026495440 0.998736918 0.042691972 0.020308502 0.115697913 -0.039356209 0.992504478 0.309858978
0.992273271 0.028823934 -0.120677941 0.006002713 -0.023561258 0.998717487 0.044811603 0.020570192 0.121814840 -0.041622017 0.991679788 0.310095578
0.991317391 0.027187409 -0.128648967 0.007034034 -0.021323988 0.998679578 0.046737015 0.020571057 0.129749745 -0.043587901 0.990588367 0.311930746
0.990753293 0.023881089 -0.133558065 0.003272660 -0.018037783 0.998833418 0.044791304 0.022558725 0.134471923 -0.041968040 0.990028203 0.313203961
0.989728630 0.021071520 -0.141397536 0.002639059 -0.015251894 0.998996317 0.042116273 0.024016052 0.142143041 -0.039527096 0.989056587 0.315159321
0.988598526 0.018835513 -0.149392590 0.002116196 -0.012860864 0.999082148 0.040858746 0.024009001 0.150025070 -0.038471580 0.987933397 0.318618357
0.987494767 0.017932963 -0.156628788 0.000078171 -0.011978367 0.999172091 0.038878828 0.025634233 0.157196343 -0.036516480 0.986892045 0.321254641
0.986764669 0.015803276 -0.161387220 -0.002492260 -0.009681198 0.999205947 0.038650312 0.024969570 0.161869824 -0.036576323 0.986134231 0.325378329
0.985993981 0.016065571 -0.166005552 -0.002955217 -0.009833143 0.999218047 0.038297463 0.026502274 0.166491002 -0.036128707 0.985381007 0.329643875
0.985642970 0.017596725 -0.167923763 -0.004341576 -0.011294104 0.999198139 0.038414229 0.027965792 0.168465033 -0.035966154 0.985051394 0.333979726
0.985519230 0.018163741 -0.168588445 -0.004265968 -0.011926616 0.999209046 0.037935376 0.028955255 0.169144124 -0.035375345 0.984956324 0.338448077
0.985319078 0.018222321 -0.169748381 -0.002578765 -0.012153999 0.999251723 0.036719780 0.029191654 0.170290455 -0.034117572 0.984803140 0.342134327
0.985435307 0.019186586 -0.168965518 -0.002872445 -0.013472389 0.999300003 0.034900576 0.030184712 0.169516802 -0.032115880 0.985003948 0.345996439
0.985686600 0.019724252 -0.167429835 -0.002786137 -0.014365948 0.999346972 0.033154465 0.030083835 0.167974427 -0.030274626 0.985326350 0.350143880
0.985838532 0.021020409 -0.166375056 -0.002349392 -0.016293067 0.999425173 0.029727990 0.031861514 0.166904315 -0.026596237 0.985614300 0.353992701
0.986222088 0.021397734 -0.164037243 -0.002093781 -0.017228106 0.999492288 0.026799604 0.032176513 0.164527446 -0.023604304 0.986090004 0.358209401
0.986381769 0.022201203 -0.162966520 -0.001955193 -0.018385272 0.999521196 0.024886547 0.032445446 0.163441002 -0.021551454 0.986317635 0.360944957
0.986238778 0.022192761 -0.163831130 -0.001605075 -0.018657010 0.999559343 0.023089103 0.033467848 0.164271355 -0.019714771 0.986218154 0.363807350
0.985896051 0.020902177 -0.166048303 -0.001783293 -0.017364094 0.999590755 0.022730947 0.033737674 0.166455477 -0.019527070 0.985855579 0.368117511
0.985185087 0.019176900 -0.170418873 -0.001678377 -0.015486041 0.999616385 0.022960654 0.034159195 0.170793802 -0.019981381 0.985104144 0.371281236
0.984479487 0.017382246 -0.174636871 -0.001163535 -0.013393641 0.999622405 0.023992175 0.034929778 0.174987972 -0.021280786 0.984340549 0.377124280
0.983909667 0.016075628 -0.177942455 -0.000929274 -0.011623291 0.999593377 0.026035517 0.034866918 0.178288653 -0.023548322 0.983696401 0.381253749
0.983472228 0.015377322 -0.180405200 -0.000560842 -0.010678536 0.999578714 0.026988147 0.036586426 0.180744201 -0.024615631 0.983222067 0.384058028
0.983263493 0.014992621 -0.181571573 -0.001513608 -0.010111460 0.999562800 0.027778793 0.037964787 0.181908682 -0.025477920 0.982985198 0.386532009
0.982905149 0.015525280 -0.183457285 -0.003084548 -0.010275157 0.999510944 0.029533762 0.037887271 0.183826104 -0.027143836 0.982583940 0.390364915
0.982070506 0.018130265 -0.187640429 -0.001569793 -0.012939558 0.999499977 0.028851140 0.041157134 0.188069716 -0.025905870 0.981813967 0.394336402
0.981121957 0.021278152 -0.192216158 0.000028260 -0.015747810 0.999418199 0.030253701 0.041065738 0.192748100 -0.026655588 0.980886102 0.399906278
0.980097950 0.026396023 -0.196751520 -0.000010289 -0.021119915 0.999360085 0.028866598 0.045480795 0.197387561 -0.024136718 0.980028331 0.402122527
0.979494870 0.028958727 -0.199377179 -0.000371531 -0.023438787 0.999275327 0.029991230 0.046706636 0.200101212 -0.024703100 0.979463696 0.406855971
0.978792191 0.032554489 -0.202252373 0.000157706 -0.026812965 0.999157667 0.031063898 0.048354067 0.203093305 -0.024982112 0.978840649 0.409220845
0.978259742 0.035099111 -0.204391316 0.000815570 -0.028995920 0.999041855 0.032779954 0.049445294 0.205346018 -0.026140802 0.978340268 0.412811667
0.978038073 0.037225377 -0.205074891 0.000052527 -0.030829009 0.998935938 0.034298807 0.052074306 0.206133485 -0.027223289 0.978145063 0.418029189
0.977340996 0.038974028 -0.208051756 0.001237266 -0.032238599 0.998843431 0.035668269 0.055671796 0.209201306 -0.028152766 0.977467239 0.420499682
0.976817787 0.040050015 -0.210292503 0.001840934 -0.032485202 0.998698890 0.039306119 0.056517109 0.211593106 -0.031563520 0.976848006 0.427613169
0.975811183 0.043215036 -0.214301065 -0.000523165 -0.034072079 0.998351991 0.046177577 0.061342858 0.215943471 -0.037758913 0.975675523 0.436197788
0.974199891 0.049698278 -0.220146835 -0.002272658 -0.038355641 0.997721493 0.055503774 0.066833228 0.222403690 -0.045627899 0.973886371 0.446169615
0.973196805 0.053773355 -0.223598823 -0.001042306 -0.041221265 0.997320652 0.060433555 0.069738746 0.226249501 -0.049596708 0.972805858 0.450663209
0.972122371 0.057939149 -0.227202907 0.001115382 -0.043822594 0.996810496 0.066695623 0.072400972 0.230342522 -0.054879684 0.971561015 0.456122220
0.971441448 0.062605575 -0.228871241 0.000689857 -0.047027804 0.996229947 0.072900295 0.073993742 0.232572362 -0.060055062 0.970723212 0.459920108
0.970582008 0.066973656 -0.231268466 -0.000001490 -0.049986836 0.995656133 0.078551151 0.076503694 0.235524699 -0.064679958 0.969713688 0.464434266
0.969636559 0.071301527 -0.233925283 -0.001415193 -0.052653715 0.994986773 0.085023344 0.079008579 0.238814861 -0.070124716 0.968529820 0.470315844
0.968266606 0.074909776 -0.238428891 -0.003305607 -0.054803461 0.994443953 0.089876734 0.081247091 0.243836805 -0.073957913 0.966992080 0.474710554
0.966328681 0.078326844 -0.245099783 -0.005139135 -0.056369387 0.993845224 0.095362812 0.082010627 0.251060724 -0.078335688 0.964796364 0.480589241
0.964417815 0.082397342 -0.251214623 -0.009735361 -0.059355367 0.993417680 0.097970396 0.085105613 0.257633537 -0.079573460 0.962960482 0.483553320
0.962229431 0.084076427 -0.258931845 -0.010297120 -0.059032045 0.992924452 0.103035435 0.084743716 0.265762657 -0.083858453 0.960384190 0.489868790
0.960070014 0.088214673 -0.265487671 -0.014891364 -0.061666355 0.992372990 0.106738761 0.085928887 0.272878736 -0.086105026 0.958187401 0.490897268
0.957724750 0.090283349 -0.273152202 -0.016042806 -0.061531104 0.991793275 0.112071387 0.086068928 0.281028688 -0.090526193 0.955420256 0.495390713
0.955332398 0.092262596 -0.280762255 -0.018884242 -0.061021339 0.991129100 0.118065983 0.087164000 0.289164782 -0.095659740 0.952487767 0.498671949
0.952968597 0.093492202 -0.288288116 -0.021691427 -0.059296530 0.990362465 0.125164524 0.085817508 0.297211558 -0.102183364 0.949328065 0.500990570
0.950493038 0.094559148 -0.296009362 -0.026683077 -0.057187550 0.989535511 0.132472992 0.085425444 0.305438370 -0.108986609 0.945954144 0.503824770
0.948467076 0.094751060 -0.302377790 -0.031365789 -0.054112710 0.988662541 0.140065402 0.084364846 0.312220931 -0.116484977 0.942841053 0.503954232
0.946537435 0.097583376 -0.307480335 -0.036715686 -0.054815475 0.987942040 0.144795656 0.087646611 0.317902446 -0.120199837 0.940473318 0.507937789
0.942995965 0.097858839 -0.318091512 -0.030534059 -0.051903255 0.987340868 0.149879783 0.090360992 0.328731835 -0.124826029 0.936137736 0.516703844
0.941459894 0.099617414 -0.322070897 -0.033291712 -0.051769551 0.986734033 0.153869674 0.091175377 0.333126396 -0.128188625 0.934127688 0.518739641
0.939876556 0.102436118 -0.325789481 -0.035900638 -0.053148922 0.986206114 0.156756774 0.091257304 0.337353051 -0.130016670 0.932356417 0.524284303
0.937613368 0.105576254 -0.331262141 -0.037519723 -0.055063963 0.985847414 0.158343926 0.091616541 0.343291342 -0.130224779 0.930157185 0.528728545
0.935687661 0.107074142 -0.336189926 -0.040939882 -0.054515000 0.985271394 0.162075251 0.088561416 0.348592490 -0.133324400 0.927743435 0.531622708
0.932668865 0.109686740 -0.343653351 -0.041389674 -0.055542186 0.984955966 0.163636237 0.089285865 0.356432140 -0.133531153 0.924729943 0.538577259
0.930431128 0.112401031 -0.348803490 -0.043486297 -0.056749351 0.984512031 0.165877938 0.088102572 0.362046093 -0.134543613 0.922399342 0.544354260
0.928210020 0.115930319 -0.353534013 -0.047527537 -0.059560586 0.984261274 0.166379988 0.091301218 0.367258370 -0.133378893 0.920506001 0.546452999
0.925665498 0.118353538 -0.359355062 -0.051043540 -0.060926057 0.984046280 0.167155609 0.092136949 0.373405486 -0.132836074 0.918108344 0.547379076
0.919268548 0.123809636 -0.373652995 -0.054647923 -0.062799528 0.983217537 0.171287775 0.090456426 0.388589203 -0.133994222 0.911616147 0.556606710
0.915594995 0.126632214 -0.381641507 -0.055578545 -0.064017259 0.982916951 0.172557414 0.092631377 0.396973133 -0.133561060 0.908060431 0.560911417
0.912239790 0.130142584 -0.388434529 -0.057762921 -0.064493001 0.981996298 0.177549794 0.091726951 0.404547989 -0.136916682 0.904209495 0.566218197
0.909833789 0.136115178 -0.392014235 -0.065003186 -0.069414318 0.981284678 0.179616556 0.095704250 0.409126103 -0.136209801 0.902254283 0.565821588
0.905765653 0.139945552 -0.400004864 -0.063719973 -0.069696195 0.980239928 0.185127184 0.096628182 0.418008476 -0.139803037 0.897621393 0.569577038
0.902515352 0.144668788 -0.405631632 -0.068284512 -0.071154475 0.979035497 0.190857530 0.100196004 0.424738884 -0.143389329 0.893888414 0.574061275
0.899729848 0.150077775 -0.409832627 -0.072430730 -0.074191377 0.977945387 0.195239797 0.101613611 0.430095047 -0.145257056 0.891021132 0.574289501
0.895870507 0.155960515 -0.416043609 -0.077034295 -0.076499492 0.976529598 0.201340407 0.103609547 0.437679976 -0.148547828 0.886775017 0.573551714
0.894407988 0.158409774 -0.418258935 -0.086428627 -0.074871346 0.975009680 0.209166020 0.101146601 0.440940410 -0.155764148 0.883916855 0.577404082
0.890863538 0.163234577 -0.423929930 -0.091450557 -0.077664964 0.974198759 0.211907759 0.101884760 0.447582662 -0.155856431 0.880555868 0.580665469
0.887214124 0.166699633 -0.430188596 -0.092932895 -0.078171484 0.973275125 0.215927929 0.103572249 0.454686910 -0.157945856 0.876534581 0.586369812
0.882583261 0.176279113 -0.435858101 -0.101416588 -0.084110878 0.971294641 0.222513035 0.107422605 0.462571084 -0.159725890 0.872075498 0.594828546
0.880160689 0.182833344 -0.438051283 -0.104617283 -0.088577345 0.969896078 0.226838797 0.108847156 0.466337830 -0.160853207 0.869859338 0.599518895
0.876205444 0.189850375 -0.442968071 -0.106573910 -0.093133688 0.968516529 0.230872065 0.110987321 0.472853124 -0.161036104 0.866301000 0.603625000
0.872233748 0.194417417 -0.448787421 -0.107808232 -0.094616324 0.967338741 0.235166907 0.112758882 0.479849994 -0.162657917 0.862140596 0.608127475
0.867211878 0.200136855 -0.455948323 -0.110045776 -0.096310556 0.965796769 0.240750626 0.112004906 0.488536447 -0.164869174 0.856825709 0.611432314
0.862819076 0.202976525 -0.462972879 -0.111576870 -0.097371601 0.965428948 0.241796747 0.114099868 0.496046484 -0.163546443 0.852754653 0.615310311
0.859191537 0.204286367 -0.469102353 -0.115364492 -0.097833149 0.965512335 0.241276979 0.112039313 0.502213836 -0.161409363 0.849546015 0.619336665
0.856841981 0.202787116 -0.474024445 -0.121248141 -0.097125039 0.966427684 0.237874359 0.111437328 0.506348193 -0.157781050 0.847771585 0.625725746
0.854405105 0.195435658 -0.481452763 -0.123055264 -0.090795986 0.968468964 0.231999591 0.109041132 0.511613071 -0.154507667 0.845209658 0.631376266
0.850961149 0.184956506 -0.491585374 -0.124770731 -0.081234038 0.971030295 0.224724606 0.103508480 0.518908620 -0.151298419 0.841333866 0.638218045
0.849048972 0.173305571 -0.499080181 -0.131076008 -0.073412083 0.974202573 0.213401183 0.102284096 0.523188829 -0.144549564 0.839868367 0.642732382
0.845767796 0.162084192 -0.508336008 -0.134790286 -0.064830601 0.976900697 0.203622282 0.099659383 0.529597819 -0.139261439 0.836739182 0.651305199
0.842232049 0.149378553 -0.518007040 -0.135352567 -0.054920778 0.979621410 0.193198860 0.101422250 0.536310554 -0.134268925 0.833272457 0.657651663
0.837855577 0.141144633 -0.527329564 -0.138341919 -0.045981616 0.980810463 0.189464346 0.101625599 0.543952167 -0.134496287 0.828267395 0.666066587
0.832552135 0.139805540 -0.536014318 -0.140811473 -0.042680997 0.980941176 0.189559907 0.097734861 0.552300096 -0.134940892 0.822651505 0.666529417
0.826891601 0.140804783 -0.544448555 -0.144775435 -0.040897496 0.980640471 0.191498443 0.098013133 0.560872197 -0.136081874 0.816641986 0.670868397
0.817307293 0.153716013 -0.555319667 -0.151470676 -0.046049681 0.978101552 0.202969804 0.098572664 0.574358821 -0.140316427 0.806488216 0.679159343
0.815526545 0.162179783 -0.555530369 -0.154037654 -0.051812336 0.976536632 0.209025651 0.098398574 0.576395512 -0.141682714 0.804794610 0.683224678
0.816307783 0.171574593 -0.551546514 -0.158894360 -0.060367722 0.974977791 0.213948831 0.098840609 0.574453831 -0.141352534 0.806239665 0.687201381
0.817263722 0.180155188 -0.547379315 -0.161892712 -0.068490185 0.973509908 0.218145534 0.098622181 0.572179317 -0.140792295 0.807953179 0.691871703
0.817822754 0.185636342 -0.544706583 -0.165145174 -0.074476257 0.972723663 0.219686136 0.101141334 0.570630670 -0.139096573 0.809340835 0.699306011
0.818098366 0.189458206 -0.542973995 -0.169315830 -0.079567231 0.972383559 0.219406873 0.103343286 0.569547415 -0.136293456 0.810579896 0.703689396
0.818177104 0.189968407 -0.542676985 -0.172275960 -0.080419526 0.972373366 0.219141066 0.101860955 0.569314420 -0.135654345 0.810850680 0.708327174
0.816562176 0.187009066 -0.546126187 -0.172084823 -0.078404784 0.973233104 0.216032565 0.102437936 0.571908057 -0.133585125 0.809367716 0.714861393
0.816462934 0.183628216 -0.547420323 -0.177800745 -0.076877333 0.974212408 0.212132052 0.102368660 0.572257221 -0.131113723 0.809525073 0.720766902
0.815673888 0.175390199 -0.551284313 -0.178913534 -0.071757779 0.976249576 0.204420269 0.102982372 0.574044406 -0.127181351 0.808886886 0.727396786
0.815520465 0.167780787 -0.553873599 -0.182554632 -0.068410203 0.978290915 0.195619464 0.103824168 0.574670732 -0.121641085 0.809294164 0.732240736
0.815437078 0.159272969 -0.556502044 -0.185818657 -0.065585464 0.980630815 0.184558451 0.106561676 0.575118303 -0.113997340 0.810088634 0.736796260
0.815609574 0.149781585 -0.558879673 -0.189652979 -0.060914077 0.982772946 0.174490482 0.105569705 0.575387180 -0.108272471 0.810682833 0.745167911
0.815044403 0.145971984 -0.560709119 -0.194186404 -0.061347801 0.984045446 0.167006195 0.103663534 0.576141417 -0.101719186 0.810995817 0.750615060
0.815069258 0.141082257 -0.561923385 -0.201023698 -0.060869806 0.985382855 0.159108683 0.104473881 0.576157093 -0.095480457 0.811742902 0.757240951
0.814362288 0.138641089 -0.563553751 -0.206153497 -0.061820656 0.986244917 0.153294444 0.105862230 0.577054918 -0.089997962 0.811731458 0.761920929
0.810610056 0.137612119 -0.569187343 -0.206318513 -0.063434273 0.986911178 0.148264810 0.110058047 0.582140446 -0.084078968 0.808729470 0.769875467
0.809758842 0.141151711 -0.569532156 -0.212333634 -0.067714535 0.986629248 0.148247957 0.110005848 0.582842529 -0.081479475 0.808489740 0.771085203
0.807213306 0.147900134 -0.571430087 -0.216427565 -0.073201589 0.985709190 0.151719853 0.110075414 0.585703194 -0.080640681 0.806504071 0.777013242
0.803397655 0.157419160 -0.574257374 -0.221520245 -0.081095010 0.984361291 0.156385943 0.112612970 0.589894831 -0.079070702 0.803599298 0.780830801
0.798862696 0.168808937 -0.577340364 -0.226792529 -0.091174319 0.982705116 0.161176413 0.114679575 0.594563365 -0.076119222 0.800437510 0.780465066
0.791353762 0.180604607 -0.584072948 -0.228599936 -0.100596637 0.980813980 0.166985989 0.119550489 0.603025317 -0.073389232 0.794339001 0.782713175
0.785200000 0.192933589 -0.588419557 -0.234975487 -0.108799599 0.978426337 0.175626099 0.121024244 0.609609365 -0.073881790 0.789251447 0.783819735
0.777143121 0.204413220 -0.595200658 -0.236655891 -0.115401052 0.976029098 0.184526190 0.121717691 0.618652701 -0.074716464 0.782103717 0.785874665
0.770100474 0.217239231 -0.599793553 -0.243455634 -0.123114005 0.973165929 0.194399595 0.123878680 0.625929832 -0.075864226 0.776180685 0.785772562
0.763091803 0.226163223 -0.605426371 -0.247165844 -0.126419038 0.970910013 0.203352153 0.128013402 0.633805335 -0.078638934 0.769484639 0.790381491
0.756707549 0.234978065 -0.610064805 -0.249160200 -0.129199892 0.968518972 0.212787479 0.128140479 0.640859604 -0.082197577 0.763244689 0.790855229
0.753016591 0.241421804 -0.612112284 -0.255999923 -0.135226145 0.967182279 0.215109840 0.135410458 0.643956423 -0.079207696 0.760950923 0.789142907
0.747520804 0.249711022 -0.615513623 -0.261091083 -0.139245301 0.964966655 0.222373664 0.135645792 0.649479210 -0.080521584 0.756103814 0.791948974
0.743199348 0.257474542 -0.617544830 -0.267250896 -0.142484978 0.962724030 0.229913995 0.134630084 0.653722286 -0.082881056 0.752182186 0.796765029
0.740202904 0.263489693 -0.618605494 -0.273153841 -0.145710200 0.961015522 0.234984308 0.134759337 0.656405509 -0.083798930 0.749739647 0.801516116
0.737316787 0.266321957 -0.620835423 -0.278028995 -0.149685100 0.960573673 0.234291613 0.141019121 0.658755183 -0.079817340 0.748111546 0.808620811
0.733051300 0.269649684 -0.624439776 -0.279545009 -0.152195781 0.959809005 0.235803202 0.141425446 0.662927032 -0.077818722 0.744628608 0.817635357
0.725903749 0.274519473 -0.630636752 -0.288483620 -0.158359766 0.958968818 0.235161707 0.142176703 0.669317544 -0.070837289 0.739591956 0.831657171
0.722107053 0.276080817 -0.634303451 -0.293170571 -0.161677673 0.958871961 0.233291492 0.143570378 0.672623098 -0.065908678 0.737044275 0.838918030
0.718014359 0.278363049 -0.637941539 -0.298378587 -0.164342180 0.958432019 0.233237579 0.143829852 0.676348209 -0.062627234 0.733914733 0.845316768
0.713779628 0.279574037 -0.642150283 -0.302554846 -0.164677516 0.958161712 0.234109789 0.144618019 0.680734813 -0.061355084 0.729955971 0.852836132
0.709904850 0.280068576 -0.646217287 -0.307077467 -0.163142174 0.957970321 0.235960811 0.145284384 0.685142100 -0.062084451 0.725758731 0.860831082
0.705803335 0.281900018 -0.649902999 -0.309705079 -0.161253780 0.957262456 0.240095511 0.144343674 0.689810753 -0.064660862 0.721096396 0.866864026
0.700075328 0.283357263 -0.655441165 -0.318023443 -0.153953537 0.956203520 0.248943970 0.145369664 0.697275341 -0.073372029 0.713038266 0.884964287
0.700818717 0.284716129 -0.654056430 -0.329767019 -0.145484149 0.954670310 0.259690076 0.147027105 0.698346317 -0.086840801 0.710472584 0.902638137
0.700621367 0.286378831 -0.653541684 -0.333203524 -0.141789034 0.953535378 0.265831292 0.145132959 0.699303508 -0.093582034 0.708672643 0.913385570
0.699653447 0.287871480 -0.653922856 -0.336914390 -0.137590900 0.952394962 0.272052556 0.140862539 0.701108992 -0.100368671 0.705954909 0.927419901
0.698545098 0.283608139 -0.656963646 -0.338256121 -0.131416395 0.953334153 0.271815687 0.141727522 0.703394949 -0.103539720 0.703217685 0.940100431
0.697859704 0.282069266 -0.658353209 -0.343344182 -0.130260274 0.953840613 0.270592928 0.141775817 0.704289913 -0.103078641 0.702389300 0.949458241
0.695702612 0.281917572 -0.660696805 -0.345686376 -0.130239144 0.954027951 0.269941539 0.139020279 0.706424415 -0.101750471 0.700436532 0.958386064
0.695561409 0.279165387 -0.662012815 -0.348969430 -0.128721863 0.954936981 0.267443985 0.137065381 0.706841469 -0.100808211 0.700151920 0.968104601
0.696662664 0.274342000 -0.662870824 -0.352402806 -0.126624644 0.956508160 0.262789875 0.136698246 0.706135631 -0.099140093 0.701101840 0.978569627
0.697421610 0.270589113 -0.663614810 -0.354744107 -0.124879517 0.957699776 0.259260982 0.133016646 0.705696940 -0.097942345 0.701711595 0.989477277
0.700340748 0.264598280 -0.662955880 -0.359210789 -0.123632960 0.959685922 0.252424002 0.131514534 0.703020453 -0.094819605 0.704820216 1.000269890
0.701405585 0.259887397 -0.663693249 -0.360939354 -0.123724401 0.961414099 0.245713562 0.128554955 0.701941907 -0.090229854 0.706495643 1.009118557
0.701805055 0.253218919 -0.665845275 -0.363121420 -0.120738797 0.963449717 0.239137560 0.127248228 0.702062607 -0.087434627 0.706727147 1.021867752
0.703464568 0.249534741 -0.665484786 -0.368312567 -0.118893713 0.964461565 0.235962078 0.124888539 0.700715303 -0.086868994 0.708132684 1.029972076
0.702499509 0.248379737 -0.666934788 -0.370027453 -0.117785290 0.964775264 0.235235125 0.121612892 0.701869726 -0.086697437 0.707009494 1.037894249
0.702132165 0.249006510 -0.667087972 -0.374041617 -0.117207535 0.964497805 0.236656964 0.119886622 0.702333868 -0.087976739 0.706390262 1.045214176
0.700701356 0.249655500 -0.668348491 -0.376292557 -0.115819596 0.964155614 0.238725424 0.119794585 0.703991115 -0.089867383 0.704500079 1.053413391
0.698471904 0.251868635 -0.669850111 -0.379371196 -0.114784367 0.963329494 0.242530122 0.118369505 0.706372142 -0.092512146 0.701769173 1.063982368
0.697156727 0.255663753 -0.669782400 -0.382793367 -0.116202883 0.962194860 0.246328831 0.115283474 0.707438648 -0.093899138 0.700509429 1.068445206
0.694992840 0.256953150 -0.671535671 -0.385183066 -0.115353882 0.961712360 0.248601764 0.113451004 0.709703147 -0.095312193 0.698023736 1.076444507
0.691229105 0.257076591 -0.675361991 -0.391090602 -0.116687492 0.962024212 0.246765688 0.113345474 0.713152349 -0.091765337 0.694976866 1.089867592
0.689286649 0.255814016 -0.677822351 -0.394467443 -0.116182469 0.962508798 0.245108843 0.112345070 0.715112329 -0.090199165 0.693165660 1.096828461
0.683894873 0.252457649 -0.684509337 -0.398465037 -0.116086848 0.963924408 0.239527658 0.109497666 0.720285892 -0.084349208 0.688530028 1.110606909
0.682314932 0.250368237 -0.686849415 -0.401959628 -0.116624981 0.964773059 0.235821053 0.109199509 0.721696019 -0.080800436 0.687478244 1.116430759
0.678301036 0.250315845 -0.690832496 -0.406365216 -0.119946077 0.965293825 0.231993631 0.103433192 0.724928021 -0.074498862 0.684784234 1.126130581
0.678964138 0.249149874 -0.690602660 -0.413387984 -0.121064998 0.965773940 0.229399115 0.100688905 0.724120796 -0.072145961 0.685889125 1.136034012
0.676604092 0.248973697 -0.692978323 -0.413475394 -0.120738514 0.965877414 0.229135424 0.100540593 0.726380825 -0.071364783 0.683577359 1.145979881
0.678047419 0.249601066 -0.691339970 -0.417487770 -0.121901363 0.965736926 0.229111686 0.099898070 0.724839211 -0.071073316 0.685242236 1.149262786
0.675875366 0.249514639 -0.693494558 -0.417470485 -0.120609313 0.965709329 0.229910538 0.100064814 0.727080345 -0.071748964 0.682792902 1.159542918
0.675244570 0.250946105 -0.693592668 -0.420354962 -0.121622756 0.965354264 0.230865747 0.099284559 0.727497578 -0.071534187 0.682371020 1.165382266
0.674849272 0.253848135 -0.692921042 -0.424232781 -0.124323651 0.964661658 0.232317731 0.097235382 0.727407753 -0.070633002 0.682560563 1.168913007
0.673809171 0.254795402 -0.693585217 -0.426614940 -0.125333264 0.964475036 0.232549846 0.096645281 0.728198230 -0.069764912 0.681806505 1.174383879
0.672605097 0.255460382 -0.694508672 -0.429273337 -0.126753807 0.964425027 0.231987089 0.097371101 0.729064941 -0.068004102 0.681057692 1.180412173
0.672935724 0.256507248 -0.693802178 -0.432859391 -0.128096178 0.964189351 0.232229024 0.096711338 0.728525043 -0.067401819 0.681695104 1.184650302
0.672488213 0.256840736 -0.694112718 -0.434462965 -0.128463000 0.964125335 0.232291996 0.096237049 0.728873730 -0.067045823 0.681357503 1.191078782
0.672229767 0.255583972 -0.694826603 -0.436398953 -0.126713157 0.964391530 0.232148066 0.097048104 0.729418159 -0.068013176 0.680678546 1.198928833
0.673108995 0.255422086 -0.694034457 -0.439566135 -0.125423253 0.964295924 0.233243376 0.096040815 0.728830099 -0.069950156 0.681111991 1.204136610
0.672470629 0.256351531 -0.694310546 -0.441274345 -0.124621294 0.963925302 0.235196739 0.093872160 0.729556561 -0.071637020 0.680158317 1.208780766
0.673467994 0.255256146 -0.693747103 -0.445157498 -0.122298434 0.964031279 0.235980526 0.093487650 0.729029357 -0.074081182 0.680461705 1.212546110
0.673355103 0.253852904 -0.694371462 -0.448974013 -0.120782167 0.964357138 0.235429570 0.094123274 0.729386449 -0.074660003 0.680015624 1.216152668
0.670194328 0.251974791 -0.698103428 -0.448924065 -0.117501378 0.964764595 0.235420153 0.093775570 0.732825398 -0.075749129 0.676187158 1.222954154
0.667095244 0.251804382 -0.701126635 -0.450844407 -0.115681000 0.964741588 0.236413673 0.091483861 0.735936105 -0.076603390 0.672703505 1.228806853
0.664913714 0.250108987 -0.703800619 -0.454098642 -0.114046164 0.965217292 0.235263631 0.091238916 0.738162100 -0.076164238 0.670310199 1.233613968
0.661419392 0.249548748 -0.707283437 -0.455693960 -0.113187380 0.965435207 0.234783977 0.089707732 0.741426349 -0.075235106 0.666803300 1.238127589
0.658839643 0.247908384 -0.710261762 -0.458177775 -0.111906961 0.965933740 0.233342603 0.089416429 0.743913352 -0.074252106 0.664138138 1.241826296
0.655632555 0.246815890 -0.713602126 -0.461152732 -0.109835841 0.966189981 0.233265981 0.088195115 0.747048914 -0.074557662 0.660574734 1.246901989
0.651642144 0.244774789 -0.717947006 -0.462240636 -0.106252946 0.966626167 0.233118579 0.088317335 0.751047730 -0.075625919 0.655902386 1.252806783
0.648218751 0.245347515 -0.720844626 -0.464308381 -0.103741519 0.966297090 0.235600531 0.085586131 0.754354119 -0.077939145 0.651824534 1.257357001
0.645680130 0.245737851 -0.722986877 -0.467232704 -0.102455184 0.966122091 0.236877739 0.085561350 0.756703496 -0.078873485 0.648982942 1.261241794
0.642813325 0.245770633 -0.725525856 -0.468878180 -0.101206787 0.966079056 0.237588763 0.086819828 0.759307742 -0.079297081 0.645882130 1.266356707
0.640145779 0.248095930 -0.727091312 -0.470981658 -0.102342553 0.965524793 0.239349037 0.085859716 0.761406243 -0.078805886 0.643467247 1.271593094
0.637490034 0.253493547 -0.727562726 -0.476468146 -0.109237030 0.964522600 0.240340397 0.086455494 0.762675464 -0.073737770 0.642564297 1.280339241
0.631998241 0.259789407 -0.730128527 -0.481426418 -0.117686644 0.963384330 0.240915582 0.087902248 0.765981793 -0.066331826 0.639430940 1.291272759
0.628834724 0.264983594 -0.730992913 -0.484379649 -0.122353628 0.962146997 0.243522078 0.086043000 0.767851889 -0.063695490 0.637453079 1.294741154
0.626037717 0.268945009 -0.731946290 -0.487911373 -0.125944912 0.961191356 0.245456994 0.086110637 0.769554853 -0.061480429 0.635614336 1.297432184
0.623008549 0.273059905 -0.733006656 -0.491839796 -0.128886297 0.960117579 0.248118237 0.086300731 0.771523714 -0.060105283 0.633355081 1.300770998
0.616655886 0.275092781 -0.737604022 -0.492070794 -0.128752947 0.959584475 0.250240654 0.087586656 0.776632667 -0.059343673 0.627152383 1.308791280
0.610922992 0.276172459 -0.741958082 -0.493005008 -0.128650829 0.959357262 0.251162797 0.089880839 0.781167030 -0.057987619 0.621623278 1.315450430
0.606461167 0.278481901 -0.744749963 -0.496454060 -0.128305599 0.958659530 0.253987163 0.089361757 0.784692585 -0.058477797 0.617120624 1.321101904
0.601335168 0.278228939 -0.748989165 -0.498483062 -0.126612544 0.958749473 0.254496753 0.090579659 0.788901389 -0.058206424 0.611757040 1.328308582
0.596589446 0.278333813 -0.752735913 -0.500897706 -0.125483781 0.958749294 0.255056322 0.090872198 0.792675734 -0.057707764 0.606906116 1.334282875
0.592656076 0.280499518 -0.755035639 -0.503832161 -0.125953034 0.958144307 0.257090062 0.086941257 0.795546770 -0.057266947 0.603179812 1.336084723
0.588958919 0.277709126 -0.758950114 -0.506620765 -0.123158596 0.958978236 0.255328596 0.088056639 0.798723757 -0.056906793 0.599000931 1.340562701
