cam0:
  T_cam_imu:
  - [-0.9999514849243678, 0.007454284822327213, -0.00643905546937816, 0.09571982853264846]
  - [-0.007271683630496376, -0.9995834071126521, -0.027930894046524813, -0.002254291217617223]
  - [-0.006644577844233425, -0.027882716202835157, 0.9995891174489757, 0.024317486464850345]
  - [0.0, 0.0, 0.0, 1.0]
  cam_overlaps: [1]
  camera_model: pinhole
  distortion_coeffs: [-0.17473019446863114, 0.10643290428040156, 0.005210777878907861,
    -0.00028664918860079295]
  distortion_model: radtan
  intrinsics: [1156.5188534683703, 1156.5772666173266, 763.2083316463371, 617.2779853849335]
  resolution: [1600, 1200]
  rostopic: /slave1/image_raw/compressed
  timeshift_cam_imu: -8.121e-05
cam1:
  T_cam_imu:
  - [-0.9999822972664981, 0.00584741297162457, -0.0011013242740797412, -0.043088620439334535]
  - [-0.005818312404541281, -0.99967563540319, -0.024794580496386425, -0.0015079897295443207]
  - [-0.0012459511950961815, -0.0247877337158503, 0.9996919604872553, 0.023901322246288572]
  - [0.0, 0.0, 0.0, 1.0]
  T_cn_cnm1:
  - [0.9999844628195688, 0.001457338892457935, 0.005380546701481521, -0.13893451786105684]
  - [-0.0014741831084051932, 0.9999940213716665, 0.003127939430629605, 0.0008113329400986262]
  - [-0.005375956065407064, -0.0031358227423316097, 0.9999806326685069, 9.18232813713922e-05]
  - [0.0, 0.0, 0.0, 1.0]
  cam_overlaps: [0]
  camera_model: pinhole
  distortion_coeffs: [-0.173831269260396, 0.10747272137157605, 0.004231076633773206,
    -0.0026692219494915187]
  distortion_model: radtan
  intrinsics: [1158.625855755729, 1156.0604864187183, 765.5609812846063, 588.6683184401453]
  resolution: [1600, 1200]
  rostopic: /slave2/image_raw/compressed
  timeshift_cam_imu: -8.121e-05
